16 16 | 21 22 | 146 149 | 253 257 | 260 261 | 264 266 | 313 314 | 494 494 | 496 497 | 708 710 | 913 914 | 1224 1224 | 2754 2757 | 3427 3428 | 3599 3599 | 4101 4101 | 4103 4103 | 4105 4105 | 4109 4109 | 4435 4435 | 4442 4443 | 4459 4459 | 4462 4464 | 4670 4670 | 4707 4708 | 4799 4799 | 4828 4829 | 5296 5296 | 5363 5363
15 15 | 19 19 | 586 586 | 859 860 | 1019 1019 | 1421 1421 | 2272 2272 | 3470 3470 | 3531 3531 | 4288 4289 | 4453 4453 | 5709 5711 | 7049 7049 | 7246 7246 | 7319 7319 | 7826 7826 | 7829 7829 | 7915 7915 | 7917 7917 | 8325 8325 | 9230 9230 | 9291 9291 | 9324 9324 | 9956 9956 | 11416 11416 | 11539 11539 | 12869 12869 | 12884 12884 | 14092 14092 | 14113 14114
942 945 | 1431 1431 | 1785 1785 | 2091 2093 | 2184 2184 | 2249 2249 | 2930 2930 | 2936 2938 | 2962 2962 | 3112 3112 | 3407 3407 | 3449 3449 | 3458 3460 | 3463 3463 | 4098 4099 | 4117 4117 | 4184 4184 | 5669 5669 | 7373 7376 | 7573 7580 | 7905 7906 | 7914 7916 | 7964 7964 | 7967 7968 | 8020 8023 | 8060 8061 | 8129 8129 | 8294 8299 | 8395 8397 | 8399 8399 | 8544 8545 | 8569 8570 | 8660 8664 | 8699 8699 | 8810 8811 | 8888 8888 | 8958 8958 | 8960 8961 | 8991 8991 | 8994 8994 | 8999 8999 | 9111 9111 | 9200 9200 | 9239 9239 | 9260 9260 | 9293 9296 | 9311 9311
19 21 | 23 24 | 138 138 | 202 207 | 323 323 | 591 592 | 640 640 | 796 796 | 863 868 | 919 920 | 1133 1134 | 1191 1191 | 1310 1311 | 1488 1488 | 1790 1790 | 2215 2215 | 2302 2302 | 2339 2339 | 2474 2475 | 2669 2669 | 2711 2712 | 2759 2759 | 3224 3224 | 3262 3262 | 3466 3466 | 3598 3599 | 3794 3794 | 4379 4379 | 4703 4705 | 4754 4754 | 4765 4765 | 4792 4794 | 4998 5000 | 5117 5117 | 5507 5507 | 5535 5535 | 5556 5556 | 5889 5889 | 6194 6196 | 6316 6316 | 6338 6338 | 6401 6401 | 6731 6731 | 6821 6823 | 6851 6851 | 6918 6919 | 7138 7138 | 7194 7195 | 7229 7229 | 7272 7272 | 7287 7287 | 7313 7313 | 7341 7341 | 7372 7372 | 7695 7695 | 7729 7729 | 7767 7767 | 7789 7794 | 7853 7854 | 7883 7883 | 7910 7910 | 7945 7945 | 8393 8396 | 8577 8577 | 8684 8685 | 8818 8818
288 293 | 521 528 | 963 968 | 1002 1002 | 1045 1045 | 1047 1048 | 1070 1073 | 1160 1161 | 1218 1218 | 1346 1346 | 1372 1372 | 1374 1374 | 1592 1592 | 1613 1613 | 2083 2083 | 2309 2309 | 2364 2369 | 2648 2648 | 2662 2662 | 2668 2668 | 2677 2677 | 2774 2774 | 2798 2802 | 2824 2825 | 2841 2841 | 3170 3171 | 3192 3193 | 3402 3402 | 3526 3527 | 3639 3639 | 3707 3707 | 3891 3896 | 4014 4014 | 4098 4098 | 4430 4430 | 4434 4435 | 4555 4559 | 4643 4643 | 4649 4649 | 4670 4670 | 4790 4790
355 355 | 1000 1000 | 2416 2416 | 2604 2604 | 3493 3494 | 5602 5603
1325 1325 | 1666 1666 | 3787 3787 | 4582 4582 | 6641 6642 | 7015 7016 | 7019 7019 | 7653 7654 | 7680 7680
291 291 | 293 293 | 460 460 | 758 758 | 912 915 | 1372 1372 | 1548 1548 | 1957 1957 | 2246 2249 | 2481 2481 | 2541 2541
239 239 | 607 607 | 699 699 | 1097 1099 | 1311 1311 | 1922 1922 | 2324 2324 | 2391 2391 | 2500 2500 | 3167 3167 | 3172 3172 | 3449 3449 | 5482 5482 | 7120 7120 | 8603 8603 | 8952 8953 | 9380 9380 | 9445 9445 | 9836 9836 | 9894 9894 | 9896 9897 | 9899 9899 | 10072 10073 | 10214 10215 | 10285 10287 | 10339 10340 | 10343 10345 | 10374 10374 | 10615 10616 | 10618 10619 | 10720 10720 | 10723 10723 | 10859 10859
880 880 | 1919 1919 | 2153 2153 | 2205 2205 | 2210 2210 | 2317 2318 | 3089 3089 | 3137 3139 | 3959 3959 | 3985 3985 | 4004 4006 | 4029 4033 | 4439 4439 | 4671 4671 | 5176 5177 | 7236 7237 | 7486 7486 | 8109 8109 | 8150 8150 | 8255 8255 | 8339 8339 | 8827 8827 | 8829 8829 | 9566 9566 | 9727 9728 | 9733 9735 | 9806 9806 | 9894 9894 | 10139 10139 | 10282 10282 | 10308 10308 | 10311 10311 | 10523 10526 | 10616 10616 | 10618 10618 | 10817 10817 | 10820 10821
492 494 | 504 504 | 522 522 | 554 555 | 591 591 | 1224 1225 | 1611 1611 | 1703 1703 | 1776 1776 | 2241 2243 | 2245 2245 | 2799 2799 | 3016 3021 | 3052 3054 | 3215 3216 | 3225 3225 | 3525 3525 | 3637 3638 | 3834 3834 | 3892 3893 | 3895 3895 | 4001 4005 | 4048 4049 | 4243 4244 | 4376 4376 | 4439 4439 | 4489 4489 | 4679 4679 | 4708 4709 | 5002 5002 | 5152 5152 | 5170 5170 | 5267 5272 | 5414 5414 | 5504 5504 | 6643 6648 | 6650 6650 | 6680 6685 | 6859 6861 | 6971 6972 | 7647 7647 | 7649 7649 | 7666 7666 | 7670 7671 | 7859 7859
15 15 | 77 81 | 385 389 | 619 619 | 739 743 | 804 804 | 867 867 | 963 967 | 1017 1017 | 1089 1089 | 1117 1117 | 1243 1243 | 1795 1795 | 1912 1912 | 1950 1951 | 2077 2077 | 2111 2111 | 2333 2333 | 2368 2369 | 2384 2384 | 2446 2446 | 2540 2540 | 2592 2593 | 2647 2647 | 2953 2954 | 3029 3031 | 3136 3136 | 3432 3432 | 4398 4398 | 4532 4532 | 4649 4649 | 5339 5339 | 5914 5914 | 5939 5939 | 5959 5959 | 5992 5992 | 6141 6141 | 6192 6193 | 6309 6309 | 6681 6681 | 6734 6734 | 6789 6789 | 6957 6957 | 7179 7179 | 7248 7252 | 7363 7368 | 7370 7370 | 7427 7430 | 7588 7589 | 7633 7634 | 7636 7637 | 7640 7641 | 7671 7672
169 173 | 515 515 | 942 947 | 1005 1005 | 1031 1032 | 1175 1177 | 1205 1208 | 1379 1379 | 1439 1439 | 1465 1465 | 1694 1694 | 1999 2001 | 2209 2209 | 2293 2293 | 3139 3140 | 3685 3686 | 4094 4095 | 4540 4540 | 4766 4767 | 4775 4776 | 4920 4921 | 5066 5066 | 5154 5154 | 5209 5209 | 5365 5367 | 5512 5512 | 5632 5637 | 5957 5957 | 5990 5997 | 6327 6328
9 10 | 101 101 | 111 111 | 120 122 | 141 142 | 427 427 | 527 527 | 710 712 | 1123 1123 | 1290 1291 | 1371 1376 | 1573 1573 | 1638 1645 | 1731 1734 | 1853 1853 | 1968 1968 | 2000 2000 | 2056 2057 | 2069 2069 | 2082 2087 | 2105 2109 | 2111 2112 | 2398 2399 | 2475 2475 | 3409 3409 | 3485 3485 | 3769 3770 | 3897 3897 | 4211 4213 | 4520 4520 | 5082 5082 | 5849 5849 | 6017 6017 | 6046 6046 | 6049 6049 | 6053 6053 | 6055 6055 | 6073 6078 | 6181 6181 | 6217 6217 | 6686 6688 | 6919 6920 | 6924 6924 | 6975 6981 | 7189 7196 | 7199 7199 | 7221 7221 | 7223 7224 | 7227 7227 | 7453 7456 | 7520 7520
628 628 | 749 749 | 846 846 | 1005 1005 | 1011 1011 | 1815 1815 | 1820 1822 | 1931 1932 | 2897 2897
149 149 | 338 338 | 544 544 | 681 684 | 1105 1105 | 1107 1108 | 1618 1619 | 1778 1778 | 2143 2145 | 2273 2273
19 21 | 23 24 | 81 83 | 107 109 | 134 135 | 508 509 | 522 524 | 531 531 | 609 609 | 746 747 | 749 749 | 1072 1072 | 1244 1244 | 1521 1522 | 1646 1646 | 1760 1760 | 1907 1907 | 2825 2825 | 3029 3029 | 3699 3699 | 3788 3788 | 4093 4093 | 4288 4289 | 4829 4829 | 4889 4889 | 5038 5038 | 5533 5533 | 5921 5921 | 6343 6345 | 6479 6479 | 7851 7855 | 8245 8245 | 8339 8339 | 8506 8510 | 8514 8514
74 74 | 134 136 | 416 416 | 567 569 | 741 741 | 823 825 | 1901 1908 | 2325 2325 | 2327 2328 | 3086 3086 | 3688 3689 | 5849 5849 | 8141 8142 | 8744 8745 | 9144 9145 | 9147 9147 | 9504 9509 | 9794 9794 | 9796 9796 | 9798 9801 | 9922 9922 | 10570 10572 | 10589 10589 | 10726 10731 | 10766 10767 | 10856 10859
862 864 | 917 917 | 940 943 | 1131 1133 | 1558 1558 | 1827 1827 | 2408 2409 | 3237 3239 | 3299 3299 | 3612 3613 | 3748 3749 | 3973 3974 | 4000 4001 | 4188 4189 | 4272 4275 | 4369 4376 | 4392 4394 | 4403 4403 | 4427 4428 | 4518 4520 | 4607 4607 | 4610 4610 | 4612 4612 | 4695 4696
84 89 | 290 295 | 312 312 | 624 624 | 697 703 | 742 742 | 791 791 | 885 885 | 1017 1018 | 1159 1159 | 1168 1168 | 1210 1210 | 1919 1919 | 1970 1970 | 3105 3105 | 3232 3232 | 4194 4196 | 4259 4259 | 4851 4851 | 4998 4999 | 5170 5170 | 5176 5176 | 5231 5231 | 5442 5444 | 5502 5502 | 5505 5505 | 5593 5595 | 5654 5662 | 5819 5819 | 5899 5904 | 6115 6117 | 6136 6138
10 10 | 315 316 | 488 488 | 735 746 | 817 817 | 916 916 | 952 953 | 986 987 | 1009 1012 | 1091 1091 | 1180 1182 | 1353 1353 | 2692 2692 | 4156 4156 | 4165 4169 | 4186 4188 | 4194 4198 | 4302 4302
56 56 | 534 534 | 1672 1672 | 1675 1678 | 2842 2844 | 2861 2865 | 3199 3200 | 3706 3706 | 3719 3719 | 4258 4259 | 4462 4463 | 4549 4549 | 4709 4709
297 297 | 299 299 | 1702 1703 | 1849 1849 | 2315 2316 | 3194 3194 | 4030 4030 | 4153 4153 | 5810 5810 | 5857 5857 | 6427 6427 | 7529 7529 | 8334 8334 | 8684 8684 | 8843 8843 | 9098 9098 | 9100 9100 | 9102 9102 | 9221 9222 | 10309 10310 | 10314 10314 | 11032 11032 | 11579 11579
170 172 | 1185 1185 | 1780 1786 | 3250 3250 | 4169 4169 | 4246 4246 | 5331 5331 | 9236 9236 | 9443 9443 | 9448 9449 | 9621 9621 | 9989 9989
351 351 | 909 909 | 1093 1093 | 1728 1728 | 2271 2271 | 3378 3381
10 10 | 53 53 | 55 58 | 75 76 | 154 159 | 195 196 | 281 281 | 446 447 | 479 479 | 493 493 | 501 502 | 718 718 | 860 860 | 930 930 | 985 985 | 1009 1014 | 1108 1109 | 1210 1211 | 1244 1246 | 1250 1252 | 1288 1289 | 1321 1321 | 1402 1402 | 1939 1940 | 2094 2095 | 2420 2420 | 2441 2441 | 2448 2449 | 2495 2497 | 3173 3174 | 3290 3291 | 3322 3324 | 3365 3366 | 3597 3597 | 3673 3673 | 3743 3748 | 3766 3767 | 3919 3924 | 4034 4035 | 4076 4076 | 4307 4307 | 4337 4337 | 4369 4369 | 4575 4575 | 4609 4613 | 4679 4679 | 4793 4793 | 4795 4796 | 4839 4841 | 4912 4914 | 5119 5120 | 5277 5278 | 5499 5500 | 5608 5609 | 5834 5839 | 5901 5902 | 5930 5931 | 6222 6222 | 6236 6239
886 887 | 938 945 | 999 999 | 1493 1494 | 2699 2699 | 2901 2901 | 3079 3079 | 3421 3423 | 4043 4043 | 4223 4223 | 4400 4400 | 4453 4455 | 4613 4613 | 4666 4667 | 4732 4733 | 4857 4857 | 4943 4944 | 4965 4966 | 5129 5129
82 83 | 100 105 | 107 107 | 525 525 | 794 799 | 819 820 | 1066 1067 | 1447 1448 | 1863 1864 | 2513 2519 | 3592 3592 | 3594 3597 | 4036 4042 | 4196 4199 | 4448 4455 | 4488 4488 | 4521 4524 | 4550 4552 | 4614 4614 | 4818 4823 | 5064 5069 | 5154 5159 | 5184 5188 | 5210 5213 | 5279 5279 | 5480 5484 | 5663 5666
358 358 | 394 396 | 508 513 | 1114 1118 | 1150 1151 | 1277 1282 | 1525 1526 | 1593 1594 | 1844 1844 | 2489 2489 | 2597 2597 | 3198 3198 | 3268 3268 | 4071 4072 | 4269 4269 | 4328 4330 | 4493 4494 | 4613 4614 | 4659 4661 | 5065 5065 | 5396 5399 | 5418 5419 | 5574 5579 | 5837 5837 | 5839 5839 | 5844 5846 | 6081 6081
17 24 | 104 104 | 516 516 | 1375 1377 | 1379 1379 | 1433 1433 | 1514 1515 | 1638 1638 | 2427 2428 | 2459 2459 | 5297 5297 | 5301 5301 | 5346 5346 | 5612 5612 | 5639 5639 | 5724 5724 | 5957 5959 | 5994 5995 | 6086 6089 | 6407 6407
47 47 | 87 89 | 428 428 | 520 527 | 624 625 | 633 633 | 674 675 | 684 684 | 789 789 | 808 808 | 836 836 | 855 856 | 1339 1345 | 1561 1562 | 1674 1676 | 1864 1864
78 79 | 141 143 | 262 263 | 658 659 | 664 666 | 668 668 | 1212 1216 | 1251 1251 | 1369 1372 | 1380 1381 | 1480 1486 | 1519 1520 | 1541 1541 | 1657 1659 | 2025 2026 | 2059 2059 | 2061 2061 | 2382 2385 | 2608 2609 | 2614 2614 | 2645 2645 | 2654 2655 | 2699 2699 | 2725 2726 | 2728 2728 | 2749 2751 | 2908 2908 | 3016 3017 | 3144 3144 | 4118 4118 | 4303 4304 | 5057 5058 | 5076 5077 | 5429 5429 | 5532 5536 | 5575 5575 | 5692 5696 | 5720 5722 | 6137 6137 | 6199 6199 | 6474 6479 | 6492 6492 | 6591 6592 | 6773 6773 | 6800 6801
16 16 | 445 445 | 1298 1298 | 1542 1542 | 1544 1544 | 1585 1585 | 1645 1645 | 1698 1698 | 1842 1842 | 3005 3005 | 4190 4190 | 4207 4207 | 4395 4396 | 5723 5723 | 5762 5762 | 5819 5819 | 6004 6004 | 6059 6059 | 6075 6077 | 6313 6314 | 6346 6346 | 6838 6839 | 6912 6912 | 7124 7124
85 88 | 1071 1072 | 1132 1132 | 1194 1197 | 1206 1207 | 1210 1210 | 1216 1220 | 1222 1224 | 1253 1256 | 1315 1315 | 1478 1478 | 1553 1553 | 1579 1579 | 1810 1810 | 2279 2279 | 2513 2513 | 2633 2633 | 2950 2950 | 3046 3047 | 3882 3885 | 4759 4762 | 5427 5427 | 5452 5457 | 6340 6340 | 7273 7273 | 8861 8864 | 8866 8866 | 9558 9559 | 9616 9619 | 9646 9649 | 9714 9716
167 167 | 269 269 | 288 292 | 682 682 | 862 862 | 865 866 | 1031 1031 | 1033 1034 | 1552 1552 | 1559 1559 | 1644 1644 | 2005 2005 | 2046 2046 | 2568 2568 | 2645 2648 | 3076 3076 | 4753 4753 | 5058 5058 | 5248 5248 | 5279 5279 | 5416 5416 | 5419 5419 | 5459 5459 | 5471 5471 | 5508 5508 | 5510 5510 | 5631 5631 | 5634 5635 | 5753 5753 | 5784 5784 | 5900 5904 | 5907 5907 | 5960 5960 | 6023 6024 | 6029 6029 | 6201 6204 | 6294 6294 | 6324 6324 | 6500 6504 | 6559 6564
249 249 | 1418 1418 | 3424 3427 | 5205 5205 | 5729 5729 | 5819 5819
1 1 | 229 232 | 309 317 | 891 897 | 1003 1010 | 1072 1072 | 1220 1221 | 1940 1940 | 2053 2054 | 2594 2594 | 2692 2693 | 3536 3536 | 3909 3909 | 4011 4013 | 4186 4187 | 4481 4481 | 4493 4493 | 4528 4529 | 4547 4547 | 4636 4643 | 4779 4779 | 4844 4845 | 4847 4847 | 4873 4873
55 55 | 105 107 | 133 136 | 599 599 | 733 733 | 841 844 | 948 948 | 950 951 | 1169 1169 | 2513 2513 | 2821 2822 | 3824 3824 | 3831 3831 | 3854 3854 | 3994 3994 | 4406 4406 | 4588 4588 | 4878 4878 | 4911 4916 | 4942 4945 | 4970 4971 | 5514 5515 | 5517 5517 | 5968 5969 | 6014 6015 | 7107 7108 | 7224 7224 | 7446 7447 | 7477 7477 | 7735 7737 | 8544 8546 | 8548 8548 | 9920 9920 | 10069 10069 | 10104 10108 | 10499 10499
55 55 | 1063 1063 | 1757 1757 | 2243 2243 | 2489 2489 | 4187 4188 | 4193 4193 | 4318 4318 | 4430 4430 | 4462 4462 | 4583 4583 | 4648 4648 | 4918 4918 | 5457 5458 | 6888 6888 | 6953 6953 | 6989 6989
347 347 | 2750 2750
239 239 | 265 266 | 975 977 | 2252 2252 | 5646 5646 | 5889 5892 | 5896 5896 | 5922 5922 | 5954 5958 | 5993 5993 | 6287 6287 | 6294 6295
1160 1161 | 1236 1238 | 1280 1283 | 1463 1463 | 1815 1815 | 1995 1996 | 2151 2151 | 2237 2238 | 2240 2240 | 2357 2357 | 2497 2497 | 4365 4365 | 5308 5309 | 5323 5329 | 5477 5478 | 5480 5480 | 5588 5588 | 5593 5594 | 5740 5741 | 5898 5905 | 5931 5937 | 6622 6626 | 6771 6771 | 6864 6865 | 6976 6977 | 6981 6981 | 7012 7014 | 7157 7159 | 7163 7163 | 7252 7252
26 26 | 367 367 | 1466 1466 | 3773 3773 | 3798 3798 | 4254 4254 | 7010 7011 | 10214 10216 | 11889 11889 | 12404 12404 | 12486 12488 | 14032 14033 | 15713 15716 | 15731 15734 | 16257 16258 | 16732 16734 | 16846 16846 | 17249 17249 | 17274 17274 | 17329 17329
55 55 | 145 146 | 173 174 | 383 383 | 507 507 | 526 527 | 971 972 | 1039 1039 | 1041 1042 | 1329 1330 | 1641 1642 | 1885 1886 | 1916 1919 | 1969 1969 | 2059 2059 | 2093 2094 | 2180 2182 | 2347 2347 | 2423 2423 | 2822 2822 | 2900 2900 | 2922 2922 | 2924 2925 | 3200 3203 | 3395 3395 | 3472 3472 | 3498 3501 | 3532 3532 | 3701 3701 | 5080 5080 | 5423 5423 | 5458 5458 | 6230 6230 | 6506 6506 | 6555 6556 | 6621 6622 | 6960 6960 | 6973 6973 | 6996 6996 | 7180 7181 | 7184 7184 | 7279 7279 | 7717 7718 | 8301 8301 | 8634 8634 | 8977 8977 | 9010 9010 | 9101 9102 | 9251 9251 | 9887 9887 | 9890 9890 | 9982 9982 | 10046 10046 | 10252 10253 | 10941 10941 | 11691 11691 | 11717 11718 | 11720 11720 | 11789 11789 | 11999 11999
55 56 | 116 117 | 144 146 | 158 160 | 202 209 | 223 223 | 417 419 | 761 766 | 1527 1527 | 1864 1871 | 1949 1949 | 2127 2127 | 2181 2182 | 2819 2819 | 4636 4639 | 4744 4744 | 5168 5176 | 5197 5201 | 5239 5240 | 5263 5271 | 5293 5294 | 5579 5579 | 5660 5660 | 5688 5693 | 5874 5874
56 56 | 443 443 | 939 944 | 1515 1515 | 1545 1547 | 1630 1630 | 2913 2914 | 2976 2976 | 3077 3077 | 3100 3100 | 3168 3168 | 3354 3354 | 3521 3521 | 4159 4159 | 4161 4161 | 4368 4368 | 4709 4709 | 5183 5183 | 5210 5210 | 5309 5309 | 5457 5457 | 6149 6149 | 6345 6346 | 6929 6929
55 55 | 1128 1128 | 1276 1276 | 1959 1959 | 2486 2486 | 3599 3599 | 7071 7071
22 25 | 64 68 | 80 80 | 200 203 | 250 250 | 258 259 | 306 306 | 359 359 | 418 418 | 466 466 | 520 522 | 546 546 | 555 555 | 559 560 | 587 591 | 620 624 | 626 626 | 642 644 | 729 729 | 787 787 | 789 789 | 808 808 | 883 883 | 907 907 | 955 958 | 1015 1015 | 1067 1067 | 1100 1101 | 1205 1205 | 1220 1220 | 1332 1332 | 1334 1334 | 1376 1376 | 1389 1389 | 1417 1421 | 1484 1484 | 1526 1526 | 1689 1689 | 1822 1822 | 1900 1900 | 1978 1978 | 2225 2225 | 2592 2592 | 2630 2630 | 2860 2860 | 3497 3497 | 3658 3658 | 3947 3947 | 4109 4109 | 4212 4212 | 4265 4265 | 4437 4437 | 4496 4497 | 4908 4909 | 5027 5027 | 5330 5330 | 5418 5418 | 5498 5499 | 5566 5566 | 5618 5618 | 5637 5638 | 5692 5692 | 5694 5697 | 5711 5714 | 5718 5718 | 5789 5789 | 5799 5799 | 5820 5820 | 5860 5860 | 5865 5865 | 5904 5904 | 5919 5919 | 5932 5932 | 6143 6147 | 6198 6199 | 6262 6268 | 6285 6286 | 6288 6288 | 6310 6312 | 6338 6338
168 174 | 177 177 | 509 509 | 1006 1007 | 1309 1309 | 1338 1345 | 1534 1535 | 1543 1545 | 1628 1628 | 1757 1762 | 1799 1799 | 1876 1876 | 1878 1878 | 2084 2084 | 2087 2092 | 2155 2159 | 2444 2446 | 2609 2609 | 3292 3292 | 3352 3356 | 3696 3697 | 3995 3996 | 4053 4053 | 4055 4056 | 4122 4124 | 4159 4159 | 4162 4163 | 4225 4229 | 4491 4491 | 4493 4493 | 4546 4550 | 4582 4582 | 4586 4586 | 4589 4589 | 4739 4739 | 4820 4827 | 4851 4859 | 4917 4917 | 4945 4949 | 5177 5186 | 5335 5339 | 5513 5516 | 5532 5532 | 5538 5541 | 5543 5544 | 5569 5571 | 5624 5627 | 6084 6088 | 6106 6106 | 6113 6113 | 6139 6140 | 6167 6168 | 6170 6174 | 6176 6176 | 6194 6200
55 55 | 270 272 | 1228 1228 | 1508 1508 | 1517 1521 | 2329 2330 | 2332 2332 | 2668 2668 | 3889 3889 | 6345 6345 | 13582 13582 | 15419 15419 | 15680 15680
55 55 | 864 869 | 1190 1192 | 1289 1289 | 3492 3492 | 3696 3700 | 4152 4152 | 4379 4379 | 5906 5906 | 5916 5916 | 5940 5941 | 8033 8033 | 9678 9680 | 9682 9682 | 9718 9719 | 10128 10134 | 10344 10346 | 10487 10489 | 10679 10679 | 10735 10735
18 24 | 220 223 | 225 225 | 888 888 | 890 890 | 1136 1136 | 1245 1249 | 1377 1379 | 1403 1403 | 1824 1824 | 1903 1905 | 2275 2275 | 2297 2297 | 2327 2328 | 2549 2549 | 3502 3504 | 3959 3959 | 4006 4007 | 4469 4469 | 4529 4529 | 4707 4707 | 4709 4709 | 4820 4821 | 5236 5239 | 5566 5569 | 5571 5571 | 5902 5905 | 6081 6085 | 6110 6114 | 6143 6144 | 6167 6168 | 6202 6204 | 6233 6233 | 6235 6237 | 6265 6266 | 6268 6269 | 6359 6359 | 6443 6443 | 6446 6446 | 6594 6594 | 6617 6618 | 6659 6659 | 6763 6764 | 6957 6959 | 6971 6971 | 7009 7010 | 7013 7014 | 7035 7035 | 7079 7079 | 7223 7223
55 55 | 540 540 | 2203 2204
18 18 | 513 514 | 627 629 | 640 641 | 1056 1057 | 1259 1259 | 2024 2027 | 2044 2044 | 2235 2236 | 3378 3378 | 8150 8150 | 9775 9777 | 9838 9838 | 10009 10011 | 10347 10347 | 10430 10432 | 10882 10882 | 10965 10972 | 11003 11007 | 11060 11062
22 27 | 110 115 | 351 356 | 372 372 | 374 378 | 449 449 | 490 490 | 620 620 | 875 875 | 1251 1251 | 1392 1393 | 2159 2159 | 2302 2302 | 2414 2414 | 2562 2562 | 2686 2686 | 2713 2713 | 2904 2905 | 3201 3203 | 3261 3266
17 18 | 26 26 | 321 324 | 594 596 | 749 749 | 1139 1139 | 2124 2125 | 2155 2155 | 2390 2390 | 3089 3089 | 3167 3170 | 3808 3808 | 4122 4122 | 4383 4383 | 4432 4432 | 5084 5084 | 5200 5200 | 5554 5555 | 5889 5889 | 6082 6082 | 6164 6164 | 7099 7099 | 7724 7724 | 9241 9242 | 9318 9320 | 9323 9323 | 9344 9345 | 9436 9436 | 9440 9440 | 9444 9444 | 9560 9560 | 9711 9711 | 9863 9869
24 28 | 59 59 | 86 88 | 101 103 | 105 106 | 193 196 | 464 466 | 737 737 | 773 777 | 779 779 | 791 791 | 831 835 | 1157 1162 | 1184 1185 | 1522 1522 | 1643 1643 | 1659 1661 | 1695 1699 | 1928 1931 | 2093 2095 | 2812 2812 | 2858 2858 | 3012 3012 | 3081 3081 | 3866 3866 | 4518 4518 | 5170 5173 | 5453 5453 | 5455 5457 | 5465 5465 | 5789 5789 | 5830 5830 | 5904 5904 | 6517 6517 | 6676 6677 | 6947 6947 | 7464 7464 | 7570 7570 | 7609 7609 | 7659 7661 | 7725 7725 | 7727 7732 | 7854 7857 | 7935 7937 | 7966 7967 | 8080 8083 | 8085 8086 | 8178 8181 | 8241 8242 | 8269 8270 | 8414 8417 | 8545 8545 | 8549 8549 | 8770 8772 | 8775 8775 | 8839 8842 | 8870 8872 | 9108 9109 | 9111 9111 | 9145 9145 | 9174 9174 | 9284 9287
373 373 | 818 819 | 1676 1676 | 2205 2205 | 2596 2596 | 2862 2862 | 2962 2962 | 2992 2993 | 3015 3015 | 3315 3315
625 625 | 1709 1709 | 2915 2915 | 3943 3943 | 4464 4464 | 4488 4488 | 4492 4492 | 4878 4878 | 4905 4908 | 5066 5066 | 5171 5173 | 5209 5211 | 5297 5297
860 860 | 1160 1160 | 1526 1526 | 3865 3865 | 3878 3881 | 4343 4343 | 4933 4934
103 105 | 1123 1123 | 1612 1614 | 2049 2055 | 2097 2097 | 2113 2113 | 2119 2119 | 2813 2813 | 2826 2826 | 2916 2916 | 4914 4914 | 5310 5310 | 5904 5904 | 6171 6171 | 6199 6199 | 6530 6531 | 6712 6713 | 6839 6839 | 6947 6951
119 119 | 123 123 | 560 560 | 591 597 | 894 894 | 1056 1057 | 1387 1387 | 5051 5051 | 5053 5054 | 5056 5057 | 5266 5272 | 5299 5299 | 5351 5351 | 5418 5424 | 5567 5573 | 5661 5661 | 5778 5778
25 27 | 111 111 | 113 115 | 466 472 | 1379 1379 | 1878 1881 | 1917 1919 | 1937 1939 | 1992 1992 | 2167 2168 | 2269 2269 | 2331 2331 | 2334 2337 | 2519 2519 | 2530 2530 | 3053 3053 | 3283 3283 | 4405 4405 | 4641 4641 | 4700 4700 | 4809 4809 | 4843 4843 | 4851 4851 | 5128 5129 | 5219 5219 | 5275 5275 | 5579 5579 | 5909 5909 | 6168 6168 | 6234 6235 | 7310 7312 | 8277 8279 | 8606 8606 | 9070 9070 | 9136 9136 | 9258 9259 | 9403 9403 | 9533 9533 | 9578 9578 | 9791 9793 | 9887 9893 | 10319 10319 | 10484 10495
26 27 | 95 95 | 216 219 | 610 611 | 729 731 | 1050 1051 | 1722 1725 | 2395 2395 | 4617 4617 | 5291 5292 | 5324 5324 | 5386 5387 | 5453 5459 | 5489 5489 | 5499 5500 | 5535 5546 | 5632 5632 | 5903 5909 | 5929 5930
92 98 | 310 312 | 314 314 | 639 644 | 748 748 | 834 835 | 837 838 | 856 862 | 892 893 | 958 959 | 1214 1214 | 1310 1310 | 1357 1358 | 1406 1406 | 1482 1482 | 1614 1614 | 1752 1752 | 1875 1877 | 1901 1901 | 1966 1967 | 2298 2298 | 3898 3898 | 4049 4049 | 4055 4055 | 4192 4194 | 4217 4218 | 4329 4330 | 4726 4727 | 4766 4766 | 4881 4886 | 4970 4975 | 4977 4977 | 5025 5029 | 5066 5067 | 5088 5095 | 5098 5099 | 5123 5125 | 5177 5184 | 5201 5202
143 148 | 486 486 | 685 685 | 696 697 | 732 733 | 864 869 | 875 875 | 1008 1008 | 1124 1124 | 1513 1513 | 1585 1585 | 1841 1841 | 2625 2626 | 3018 3018 | 3321 3321 | 3562 3562 | 3625 3629 | 3644 3648 | 3896 3899 | 3917 3919 | 3939 3945 | 3989 3989 | 4258 4258 | 4664 4665 | 4670 4670
335 335 | 538 538 | 792 793 | 3338 3339 | 3976 3976 | 4035 4037 | 4692 4695
106 111 | 261 261 | 592 597
684 684 | 777 777 | 1649 1649 | 3223 3223 | 3610 3612 | 3978 3978 | 3980 3980
100 108 | 380 387 | 741 741 | 768 768 | 779 779 | 791 791 | 809 809 | 861 861 | 893 893 | 918 918 | 951 951 | 971 971 | 1018 1019 | 1045 1045 | 1072 1072 | 1115 1115 | 1128 1128 | 1175 1175 | 1299 1299 | 1346 1346 | 1378 1379 | 1649 1649 | 2321 2321 | 2547 2547 | 2812 2812 | 3029 3029 | 3032 3032 | 3882 3883 | 3916 3916 | 3966 3966 | 4108 4108 | 4395 4395 | 4483 4491 | 4519 4525 | 4585 4586
352 355 | 395 400 | 440 443 | 485 485 | 539 539 | 694 702 | 1185 1188 | 1272 1272 | 1319 1319 | 3022 3024 | 4415 4415 | 4724 4724 | 4871 4874 | 4907 4908 | 5038 5038 | 5308 5309 | 5391 5393
271 271 | 281 281 | 745 745 | 970 971 | 1019 1019 | 1271 1271 | 1784 1784 | 1839 1839 | 1918 1918 | 1995 1995 | 2230 2230 | 3298 3299 | 3337 3337 | 3477 3477 | 3534 3535 | 4014 4015 | 4017 4018 | 4220 4220 | 4222 4222 | 4391 4392 | 4394 4394 | 5187 5187 | 5196 5199 | 5897 5897 | 6133 6133 | 6404 6404 | 6969 6969 | 7462 7462 | 8816 8816 | 9497 9497 | 9820 9820 | 9935 9935 | 10657 10657 | 10692 10692 | 11507 11507 | 11587 11587 | 11680 11680 | 11926 11926 | 11929 11929 | 13062 13062 | 13078 13078 | 13395 13395 | 13469 13469 | 13732 13732 | 14143 14143 | 14181 14181 | 14188 14188 | 14204 14204 | 14249 14249 | 14273 14273 | 14305 14305 | 14369 14369 | 14499 14502 | 14549 14549 | 14953 14953 | 14962 14962 | 15167 15168 | 15409 15409 | 15851 15851 | 16520 16520 | 16536 16536 | 18140 18140 | 18216 18216 | 20020 20020 | 20135 20135
65 68 | 70 71 | 259 261 | 263 263 | 668 670 | 685 687 | 1212 1216 | 1318 1319 | 2953 2953 | 3174 3174 | 3809 3809 | 4210 4210 | 4343 4344 | 4452 4459 | 4938 4938 | 4944 4944 | 4996 4999 | 5001 5004 | 5424 5424 | 5456 5456 | 5691 5693 | 5849 5849 | 5872 5875 | 5997 5997 | 6443 6445 | 6554 6554 | 6584 6586 | 6684 6688 | 6802 6802 | 6828 6828 | 7003 7004 | 7128 7128
402 402 | 996 998 | 3779 3779 | 3970 3973 | 3975 3975 | 3977 3978 | 3980 3981
1428 1429 | 1803 1804 | 1948 1948 | 2381 2381 | 2383 2386 | 3288 3289 | 3711 3711 | 3814 3815 | 4896 4897 | 5306 5306 | 5526 5526 | 6792 6793 | 7048 7049 | 7272 7272 | 7842 7843 | 8482 8483 | 8817 8819 | 8997 8997 | 8999 8999 | 9059 9059 | 9089 9089 | 9312 9314 | 9320 9320 | 9322 9323 | 9457 9457 | 9509 9509
288 290 | 1477 1477 | 1696 1697 | 1884 1884 | 2568 2568 | 4762 4762 | 4780 4780 | 4974 4976 | 4987 4990 | 5061 5061 | 6410 6411 | 6413 6413 | 6509 6509 | 6526 6526 | 6715 6715 | 7283 7287 | 7510 7510 | 7905 7905
42 43 | 595 595 | 1060 1061 | 1094 1094 | 1315 1315 | 2257 2257 | 4346 4347 | 4559 4559 | 4739 4739 | 4790 4794 | 4796 4796
39 39 | 137 144 | 314 314 | 635 637 | 683 689 | 715 715 | 731 731 | 776 776 | 1061 1065 | 2242 2248
619 622 | 881 881 | 949 949 | 1141 1147 | 1289 1289 | 1297 1298 | 1342 1343 | 1346 1347 | 1359 1360 | 1362 1363 | 1365 1366 | 1390 1390 | 1392 1397 | 1450 1450 | 1542 1545 | 1613 1613 | 1668 1671 | 1854 1854 | 1856 1856 | 2365 2366 | 3268 3268 | 3306 3307 | 4812 4816 | 4876 4877 | 5129 5129 | 5136 5137 | 5331 5335 | 5454 5454 | 5601 5602
55 55 | 112 113 | 198 200 | 291 291 | 323 323 | 529 529 | 598 598 | 825 825 | 1243 1243 | 1914 1915 | 2357 2357 | 2922 2922 | 3479 3479 | 3615 3615 | 4073 4073 | 4139 4139 | 4224 4226 | 4319 4319 | 4700 4702 | 5037 5037
22 26 | 107 112 | 379 382 | 785 790 | 825 825 | 877 877 | 1632 1632 | 1644 1644 | 1768 1768 | 1913 1913 | 4777 4779 | 5346 5346 | 5627 5627 | 5897 5897 | 6023 6023 | 6199 6200 | 6803 6807 | 7133 7138 | 7274 7274 | 7676 7679 | 7682 7684 | 7790 7794
78 84 | 86 86 | 428 436 | 438 438 | 498 498 | 527 533 | 785 785 | 924 925 | 1071 1072 | 1132 1133 | 1288 1289 | 1766 1766 | 2747 2747 | 2787 2787 | 2859 2859 | 3141 3143 | 3308 3309 | 3349 3349 | 3382 3382 | 3539 3539 | 3928 3929 | 4040 4046 | 4067 4074 | 4097 4098
234 239 | 292 292 | 347 349 | 497 502 | 539 539 | 992 995 | 1041 1041 | 1043 1046 | 1055 1060 | 1119 1124 | 1461 1464 | 2122 2125 | 2260 2260 | 2594 2594 | 2654 2656 | 2689 2690 | 2772 2773 | 2873 2873
51 52 | 65 66 | 226 227 | 329 329 | 334 334 | 593 593 | 1009 1010 | 1012 1013 | 1015 1015 | 1185 1187 | 1238 1242 | 1284 1285 | 1466 1466 | 1919 1919 | 2240 2240 | 2334 2335 | 2353 2353 | 2453 2453 | 2513 2513 | 2619 2619 | 2622 2622 | 2751 2752 | 3050 3052 | 3306 3306 | 3465 3468 | 3667 3667 | 3892 3897 | 3899 3899 | 4396 4397 | 4526 4526 | 4695 4695 | 5156 5158 | 5205 5205 | 5303 5303 | 5336 5336 | 5390 5390 | 5477 5477 | 5698 5699
68 72 | 76 76 | 78 78 | 80 80 | 804 809 | 814 814 | 867 868 | 884 890 | 1199 1199 | 2576 2576 | 2578 2579 | 3124 3124 | 3129 3129 | 3131 3131 | 3138 3138 | 3142 3142 | 3198 3198 | 3234 3235 | 3449 3449 | 3533 3538
66 66 | 850 853 | 928 928 | 1979 1979 | 3622 3622 | 3683 3684
45 45 | 48 48 | 135 136 | 285 285 | 289 292 | 1577 1578 | 1580 1580 | 1631 1640 | 3603 3604 | 4963 4964 | 5189 5189 | 5359 5366 | 5454 5454 | 5485 5486 | 5639 5639 | 5813 5814 | 5844 5845
122 122 | 234 234 | 464 470 | 770 770 | 1040 1045 | 1198 1198 | 1310 1310 | 1679 1679 | 2004 2009 | 2016 2017 | 2078 2080 | 4349 4349 | 4919 4919 | 5408 5409 | 5954 5954 | 6247 6248 | 6380 6383 | 6652 6652 | 6676 6676
24 29 | 43 44 | 89 89 | 167 168 | 252 257 | 479 479 | 747 747 | 1289 1289 | 1295 1297 | 1585 1586 | 1647 1648 | 1673 1673 | 1692 1697 | 1762 1762 | 2119 2119 | 2151 2151 | 2272 2272 | 2395 2395 | 2606 2606 | 2837 2837 | 3689 3689 | 4442 4443 | 4466 4467 | 4488 4488 | 4554 4554 | 4685 4686 | 4726 4727 | 4796 4796 | 4825 4825 | 5054 5059 | 5115 5120 | 5125 5125 | 5199 5199 | 5903 5903 | 6029 6029 | 6046 6051 | 6352 6353 | 6774 6779
55 55 | 85 85 | 599 599 | 3677 3678 | 3953 3953 | 3956 3956 | 5429 5429 | 6236 6236 | 6489 6489 | 6491 6493 | 6519 6519 | 6522 6522 | 6524 6527 | 7429 7429 | 7667 7667 | 8031 8032
112 115 | 120 122 | 806 809 | 2137 2141 | 2144 2145 | 2274 2274 | 2350 2350 | 2454 2454 | 2500 2500 | 2660 2661 | 2719 2719 | 2752 2752 | 2774 2774 | 2800 2800 | 6689 6689 | 7328 7328 | 7341 7341 | 7347 7347 | 7914 7916 | 7965 7965 | 7972 7975 | 8188 8188 | 8390 8390 | 8456 8457 | 8472 8472
56 56 | 166 174 | 194 195 | 198 201 | 255 255 | 354 354 | 441 441 | 465 473 | 616 618 | 650 652 | 749 749 | 760 760 | 935 941 | 1089 1089 | 1421 1421 | 1515 1515 | 1632 1632 | 1937 1937 | 2053 2053 | 2076 2076 | 2213 2215 | 2609 2609 | 3517 3517 | 3673 3675 | 3677 3677 | 4064 4065 | 4636 4636 | 4735 4735 | 4739 4739 | 4829 4829 | 4868 4869 | 4871 4872 | 4874 4875 | 5004 5005 | 5008 5009 | 5357 5363 | 5417 5420 | 5446 5447 | 5539 5546 | 5780 5782 | 5893 5894
357 357 | 794 794 | 835 835 | 838 838 | 1097 1097 | 1821 1821 | 3975 3975 | 4063 4063 | 4814 4815 | 4817 4817
5334 5334 | 5394 5395 | 5605 5605 | 5657 5659 | 6117 6117
1621 1622 | 1626 1627 | 1877 1878 | 3094 3095 | 3112 3112 | 3237 3238 | 4625 4625 | 7083 7084 | 7263 7264 | 7889 7889
44 47 | 158 159 | 405 407 | 552 552 | 580 582 | 616 618 | 1192 1192 | 1320 1322 | 2036 2038 | 2066 2068 | 2095 2096 | 2123 2129 | 2157 2157 | 2189 2189 | 2487 2488 | 2517 2518 | 2547 2548 | 2603 2608 | 2675 2676 | 2963 2965 | 2968 2968 | 3027 3028 | 3085 3087 | 3089 3089 | 3538 3538 | 3562 3563 | 4461 4462 | 4588 4589 | 4614 4615 | 4638 4640 | 4676 4676 | 4706 4706 | 4806 4806 | 4912 4916 | 4962 4964 | 5271 5271 | 5318 5318 | 5354 5357 | 5376 5377 | 5421 5425 | 5908 5908 | 5939 5939
69 69 | 346 346 | 549 549 | 591 591 | 617 617 | 624 625 | 1037 1037 | 2099 2099 | 2572 2578 | 2868 2869 | 2964 2964 | 3437 3437 | 3801 3806 | 4126 4128
48 48 | 113 119 | 436 436 | 682 682 | 787 788 | 848 853 | 862 868 | 920 920 | 927 927 | 943 943 | 1157 1157 | 1370 1372 | 1439 1439 | 1443 1443 | 1900 1900 | 2034 2034 | 2452 2452 | 2633 2636 | 2804 2807 | 2957 2957 | 2959 2959 | 3119 3119 | 3525 3528 | 3636 3639 | 3772 3772 | 3856 3859 | 4223 4229 | 4426 4426 | 4517 4517 | 4529 4529 | 4555 4557 | 4588 4589 | 4636 4637 | 4667 4667 | 4695 4697
67 68 | 70 70 | 99 103 | 585 587 | 605 609 | 640 640 | 668 668 | 797 797 | 857 857 | 879 879 | 1281 1281 | 1284 1284 | 2053 2056 | 2391 2391 | 2572 2572 | 2781 2781 | 3533 3533 | 3891 3891 | 4580 4580 | 5365 5365 | 5483 5483 | 5527 5527 | 5549 5549 | 5957 5961 | 6087 6089 | 6109 6112 | 6143 6148 | 6326 6327
69 69 | 71 71 | 576 576 | 1035 1035 | 2246 2246 | 2248 2249 | 2849 2849 | 2937 2937 | 3404 3404 | 3590 3590 | 3593 3593 | 4918 4918 | 5020 5024 | 5216 5217 | 5234 5234 | 5785 5785 | 5993 5994 | 7638 7638 | 7646 7648 | 8415 8415 | 9049 9052 | 9205 9209 | 9294 9294 | 9296 9296 | 9419 9419 | 9440 9444 | 9596 9596 | 9598 9599 | 9719 9719 | 9894 9895 | 10346 10348 | 10455 10455 | 10671 10671 | 11098 11099 | 11472 11472
