483 483 | 654 655 | 690 690 | 1050 1051 | 1649 1649 | 2754 2757 | 3926 3929 | 4590 4594 | 4705 4709 | 4947 4949
240 241 | 360 360 | 2812 2819 | 5726 5729 | 7966 7979 | 8489 8489 | 13290 13291 | 14301 14302
120 121 | 930 942 | 2470 2472 | 2548 2549 | 2878 2879 | 3406 3407 | 3446 3449 | 3600 3600 | 5490 5492 | 6090 6097 | 6755 6756 | 7805 7812 | 8010 8010 | 8306 8309 | 8490 8493 | 8610 8613 | 8916 8921
633 633 | 689 689 | 781 781 | 860 869 | 919 919 | 1133 1133 | 1170 1171 | 1177 1178 | 1495 1497 | 2213 2213 | 2473 2474 | 3223 3226 | 3259 3259 | 3270 3270 | 3461 3461 | 3790 3790 | 4753 4753 | 4765 4769 | 5503 5503 | 5880 5880 | 6191 6193 | 6337 6337 | 6399 6399 | 6815 6817 | 6848 6848 | 6916 6917 | 7228 7229 | 7270 7273 | 7310 7310 | 7788 7793
287 292 | 961 966 | 1158 1159 | 3084 3089 | 3170 3171 | 3566 3569 | 3594 3599 | 3629 3629 | 3632 3633 | 4555 4559
2580 2580 | 6598 6599
328 329 | 4290 4290 | 4619 4619 | 6419 6419 | 6625 6629 | 6777 6779 | 7110 7111
621 621 | 1860 1861 | 2246 2249
450 479 | 1290 1290 | 1707 1709 | 8667 8671 | 9270 9273 | 9376 9379 | 10170 10179
2195 2196 | 4768 4769 | 5010 5011 | 6000 6007 | 6959 6959 | 8220 8220 | 9030 9031
383 389 | 598 599 | 1139 1139 | 1680 1688 | 1770 1774 | 1798 1799 | 2097 2099 | 2215 2219 | 3060 3062 | 3390 3391 | 3630 3630 | 4239 4241 | 4350 4351 | 4410 4411 | 4708 4709 | 7659 7669
38 38 | 179 179 | 386 389 | 867 867 | 1110 1110 | 1557 1559 | 1795 1799 | 1940 1942 | 1950 1950 | 2075 2075 | 2267 2267 | 2285 2285 | 2299 2299 | 2540 2540 | 2590 2590 | 2611 2611 | 2644 2644 | 2675 2675 | 2952 2952 | 3029 3029 | 3120 3120 | 3256 3256 | 3479 3479 | 4332 4332 | 5337 5339 | 5640 5640 | 5728 5729 | 5789 5789 | 5992 5992 | 6138 6138 | 6189 6189 | 6416 6416 | 6848 6848 | 7410 7411 | 7470 7473 | 7518 7529
167 172 | 360 360 | 510 510 | 1026 1029 | 1203 1207 | 1379 1379 | 1465 1469 | 1613 1619 | 1683 1683 | 1998 2000 | 2289 2290 | 3139 3140 | 3450 3451 | 4772 4773 | 6301 6302
360 365 | 390 390 | 895 899 | 943 949 | 1121 1123 | 1709 1709 | 2068 2074 | 2700 2702 | 5397 5399 | 5715 5717 | 6180 6184 | 6906 6929
1770 1771
60 62 | 1530 1530 | 1950 1951
506 509 | 608 608 | 1440 1440 | 1519 1520 | 2459 2459 | 2466 2466 | 3089 3089 | 4679 4679 | 6220 6220 | 6509 6509 | 6569 6569 | 7044 7049 | 7681 7685 | 7736 7739 | 7770 7773 | 8100 8101 | 8463 8468 | 8575 8579
60 60 | 69 70 | 328 329 | 420 421 | 567 569 | 822 824 | 1898 1905 | 3688 3689 | 3866 3869 | 4980 4981 | 5128 5129 | 5455 5459 | 5847 5849 | 6297 6299 | 7099 7109 | 7440 7442 | 8138 8139 | 8742 8743 | 9088 9089 | 9144 9145 | 9240 9241 | 9510 9512 | 10528 10529 | 10588 10589 | 10610 10619 | 10710 10717
570 570 | 839 839 | 3118 3119 | 3810 3810 | 4503 4505 | 4680 4685
83 89 | 285 290 | 694 702 | 871 871 | 1016 1018 | 1157 1157 | 1167 1169 | 1200 1202 | 1228 1229 | 1919 1919 | 3100 3100 | 4845 4845 | 4995 4999 | 5167 5167 | 5893 5898 | 6238 6239
870 873 | 930 933 | 1020 1022 | 1026 1026 | 1096 1096 | 1122 1122 | 1154 1154 | 2666 2669 | 3180 3180 | 3389 3389 | 3420 3425 | 3750 3754 | 4110 4112 | 4341 4349 | 4361 4364
56 59 | 237 239 | 1558 1559 | 1710 1716 | 2933 2939 | 3450 3450 | 3600 3601 | 3716 3719 | 3870 3875 | 4139 4139 | 4256 4259
379 383 | 869 869 | 1257 1259 | 2968 2969 | 3147 3149 | 4200 4200 | 4350 4353 | 4380 4384 | 4674 4679 | 5850 5852 | 6179 6179 | 7140 7148 | 8609 8609 | 8789 8789 | 9112 9119 | 9960 9963 | 10882 10889 | 10980 10981
5130 5130 | 5219 5219 | 5457 5459 | 7019 7019 | 8849 8849 | 9236 9239 | 9794 9796 | 9834 9836 | 9870 9872 | 9900 9904 | 10030 10034 | 10050 10050 | 10247 10249 | 10860 10862
1109 1109 | 1320 1320 | 1859 1859
150 155 | 446 449 | 1006 1011 | 1108 1109 | 1200 1201 | 1242 1244 | 1249 1251 | 1288 1289 | 1320 1321 | 1937 1938 | 3361 3362 | 3630 3630 | 3660 3661 | 3740 3745 | 3765 3766 | 3918 3923 | 4679 4680 | 4837 4838 | 4980 4980 | 5497 5498 | 5608 5613 | 5824 5829 | 6234 6239
30 30 | 936 945 | 4440 4469 | 4680 4681
93 98 | 1065 1066 | 1380 1380 | 4196 4199
506 512 | 1110 1114 | 1590 1591 | 3419 3419 | 4071 4072 | 4326 4329 | 4611 4612 | 4655 4657 | 5573 5579
1512 1513 | 5549 5549 | 5637 5639
60 60 | 87 89 | 419 419 | 569 569 | 624 625 | 672 672 | 834 834 | 850 851 | 1560 1560 | 1950 1950
180 180 | 260 261 | 660 665 | 1250 1250 | 1366 1370 | 1652 1654 | 1890 1892 | 1950 1950 | 2019 2020 | 2608 2609 | 2641 2642 | 2697 2699 | 2730 2732 | 2908 2909 | 3630 3631 | 4110 4111 | 4301 4302 | 6474 6479
202 207 | 1673 1679 | 2278 2279 | 2321 2322 | 2368 2374 | 2400 2406 | 2550 2551 | 3092 3094 | 3226 3239 | 3902 3903 | 4506 4507 | 4516 4517 | 4703 4704 | 5333 5334 | 5771 5772 | 5939 5939
84 89 | 1248 1251 | 2279 2279 | 2430 2431 | 2747 2747 | 2849 2849 | 2940 2941 | 9385 9389 | 9538 9539
2129 2129 | 2142 2149 | 2640 2643 | 4349 4349 | 4439 4439 | 5247 5249 | 5397 5399
58 59 | 4943 4949
556 569 | 891 899 | 2049 2050 | 2576 2581 | 4009 4010 | 4796 4799 | 4980 4984
55 59 | 628 629 | 730 730 | 1890 1890 | 2490 2491 | 2550 2550 | 2960 2969 | 3090 3090 | 3420 3420 | 3990 3991 | 4080 4080 | 4798 4799 | 4876 4876 | 5046 5046 | 5730 5733 | 7440 7441 | 8609 8609 | 8909 8909 | 9327 9329 | 9599 9599 | 10050 10050
55 59 | 360 364 | 596 599 | 2100 2100 | 2160 2166 | 2340 2341 | 2640 2640 | 2843 2845 | 3090 3099 | 3150 3150 | 5069 5069 | 5170 5175 | 5248 5253 | 5751 5759 | 6589 6591
1018 1019 | 1830 1830 | 3209 3209 | 3270 3273
108 115 | 4378 4379 | 5008 5009 | 5880 5887 | 5910 5915 | 6291 6299
1257 1259 | 1859 1859 | 2070 2070 | 2430 2430 | 3570 3575 | 4407 4409 | 4855 4859 | 4908 4909 | 5321 5328 | 5892 5901 | 6510 6514 | 6899 6899 | 6960 6961
209 209 | 4439 4439 | 5129 5129 | 5279 5279 | 10829 10829 | 14069 14069 | 14190 14191 | 14759 14759
148 149 | 720 722 | 1289 1289 | 1979 1979 | 2099 2099 | 3180 3181 | 3476 3479 | 3719 3719 | 3780 3781 | 4019 4019 | 4860 4861 | 5100 5101 | 5879 5879 | 5968 5969 | 6032 6038 | 6270 6270 | 6420 6429 | 7260 7261 | 8215 8219 | 8489 8489 | 8900 8909 | 9269 9269 | 9359 9359 | 9600 9601 | 11849 11849
59 59 | 116 117 | 144 146 | 417 419 | 1386 1387 | 1860 1870 | 5161 5166 | 5233 5234
56 59 | 1620 1620 | 1920 1920 | 2220 2220 | 2999 2999 | 4285 4289 | 4558 4559 | 4949 4949 | 6118 6119 | 6389 6389
55 59 | 720 722 | 1109 1109 | 1380 1385 | 2099 2103 | 2127 2129 | 2549 2549 | 7286 7289
60 67 | 198 202 | 247 247 | 256 256 | 306 306 | 359 359 | 417 417 | 515 518 | 543 545 | 640 640 | 808 809 | 837 839 | 902 902 | 953 953 | 1011 1015 | 1064 1064 | 1203 1205 | 1219 1221 | 1413 1419 | 1524 1524 | 1680 1683 | 1820 1820 | 1964 1964 | 1978 1979 | 2584 2584 | 2629 2629 | 3942 3942 | 4109 4109 | 4212 4212 | 4262 4262 | 4275 4275 | 4286 4289 | 4436 4436 | 4905 4906 | 5328 5328 | 5418 5418 | 5498 5499 | 5563 5566 | 5637 5638 | 5709 5712 | 5717 5717 | 5724 5724 | 5789 5789 | 5855 5855 | 5902 5902 | 5916 5916 | 5969 5969 | 6270 6275 | 6328 6329 | 6336 6336
446 449 | 1690 1690 | 1754 1759 | 2154 2159 | 2437 2439 | 2608 2609 | 3807 3809 | 3993 3998 | 4010 4025 | 4050 4056 | 4223 4229 | 4737 4739 | 4849 4859 | 5699 5699 | 6186 6190
7619 7619 | 10349 10349 | 10740 10741 | 14484 14489
328 329 | 864 869 | 2460 2460 | 3599 3599 | 6357 6359 | 7857 7859 | 8309 8309 | 9539 9539 | 9717 9719 | 10409 10409
1317 1319 | 1375 1379 | 1890 1902 | 1917 1919 | 2308 2308 | 2324 2325 | 2340 2340 | 2374 2374 | 2454 2454 | 2630 2630 | 2715 2717 | 3236 3236 | 3258 3258 | 3958 3959 | 4469 4469 | 6300 6302
55 59 | 1439 1439 | 3268 3269 | 3902 3903
177 179 | 510 512 | 600 600 | 866 869 | 1050 1051 | 3507 3509 | 4524 4529 | 4590 4590 | 4649 4649 | 7859 7859 | 7979 7979 | 9449 9449 | 10560 10562
14 19 | 107 113 | 350 359 | 448 449 | 489 493 | 617 617 | 1390 1392 | 2559 2559 | 3261 3266
325 329 | 493 494 | 748 749 | 1139 1139 | 1289 1289 | 1484 1488 | 2849 2849 | 3166 3169 | 3537 3539 | 4018 4019 | 4211 4212 | 4367 4368 | 4431 4433 | 5369 5369 | 6087 6089 | 7148 7149 | 7684 7685 | 8201 8205 | 8279 8279 | 8338 8339 | 8546 8547 | 8780 8789 | 8929 8930 | 9025 9029 | 9459 9466
86 89 | 462 465 | 771 779 | 829 839 | 1155 1160 | 1170 1170 | 1345 1349 | 1709 1709 | 1770 1770 | 1947 1949 | 2920 2921 | 3545 3548 | 3870 3870 | 4586 4589 | 6270 6270 | 6299 6299 | 6366 6367 | 7497 7499 | 7608 7611 | 7710 7711 | 7740 7742 | 7890 7891 | 7924 7926 | 8070 8072 | 8820 8824 | 8867 8871 | 9390 9391
2504 2519
2159 2159 | 2879 2879 | 3749 3749 | 4888 4889 | 4950 4952 | 4980 4983 | 5130 5131
930 934 | 1530 1531 | 3300 3301 | 4136 4139 | 4826 4829
101 105 | 959 959 | 2063 2069 | 2550 2550 | 6365 6370 | 6474 6479 | 6697 6707
118 119 | 1051 1052 | 4740 4740 | 5260 5266 | 5340 5340
856 858 | 1044 1049 | 1875 1875 | 1916 1919 | 1921 1925 | 1988 1988 | 2699 2699 | 2874 2879 | 3145 3149 | 3280 3280 | 3780 3780 | 5128 5129 | 5218 5219 | 5818 5819 | 6148 6149 | 7168 7169 | 7650 7651 | 8278 8279 | 8605 8605 | 9067 9067 | 9135 9135 | 9533 9533 | 9569 9569 | 9573 9573 | 9886 9892 | 9930 9937 | 10350 10356 | 10410 10410 | 10481 10499 | 10680 10691
716 719 | 724 726 | 1227 1229 | 4616 4619 | 5368 5369 | 5452 5459 | 5490 5490 | 5610 5613 | 5910 5918
90 96 | 630 640 | 837 839 | 892 893 | 958 959 | 1350 1355 | 1404 1409 | 1590 1591 | 1954 1955 | 2309 2309 | 4049 4049 | 4191 4193 | 5066 5069 | 5156 5159 | 5217 5219
141 149 | 536 539 | 660 660 | 690 690 | 864 869 | 1109 1109 | 1584 1584 | 2040 2040 | 2070 2072 | 2519 2519 | 3323 3329 | 3420 3420 | 3540 3541 | 3780 3780 | 3784 3784 | 3866 3869 | 3893 3899 | 3930 3937 | 4290 4291
390 393 | 2787 2789 | 3150 3150
21 22 | 103 108 | 240 249 | 587 593
2250 2252
93 97 | 381 389 | 689 689 | 739 739 | 766 766 | 779 779 | 809 809 | 914 915 | 948 948 | 969 971 | 990 992 | 1072 1072 | 1114 1115 | 1170 1171 | 1297 1297 | 1377 1379 | 2810 2810 | 3029 3029 | 3879 3880 | 3963 3963
390 396 | 539 539 | 720 720 | 1320 1325 | 2727 2729 | 5310 5312 | 5430 5430
300 305 | 1170 1172 | 1230 1234 | 1316 1319 | 1726 1739 | 1856 1859 | 2007 2009 | 2228 2229 | 2483 2489 | 3534 3539 | 3656 3659 | 3927 3929 | 4169 4169 | 5187 5189 | 5580 5580 | 5838 5839 | 7020 7022 | 7587 7589 | 7919 7919 | 8158 8159 | 8879 8879 | 9413 9419 | 9587 9590 | 9865 9866 | 9916 9917 | 10496 10499 | 11428 11429 | 12569 12569 | 13329 13331 | 13362 13363 | 13410 13410 | 13469 13469 | 13768 13769 | 14010 14021 | 14100 14123 | 14139 14149 | 14190 14193 | 14248 14249 | 14760 14761 | 14866 14879 | 14910 14916 | 14960 14969 | 15197 15200 | 15330 15333 | 15448 15449 | 15848 15850 | 15959 15959 | 16739 16739 | 16769 16769 | 17460 17466 | 19110 19114 | 19348 19349 | 19372 19373 | 19380 19382 | 19444 19445 | 19679 19679 | 19834 19837
5700 5706 | 6926 6929
-1 -1
2580 2580 | 2792 2796 | 3089 3089 | 3689 3689 | 5397 5399 | 5709 5711 | 5727 5729 | 5910 5910 | 6840 6840 | 6865 6869 | 7680 7680 | 8059 8069
149 149 | 180 181 | 397 402 | 450 451 | 600 600 | 1916 1922 | 2579 2579 | 2607 2608 | 2651 2652 | 2702 2708 | 2863 2866 | 3000 3000 | 3629 3629 | 4434 4435 | 5139 5140 | 5626 5627 | 6469 6470 | 6509 6509 | 6689 6689 | 7349 7349 | 8099 8099
594 599 | 930 931 | 2847 2849
136 142 | 684 689 | 729 729 | 775 775
705 709 | 930 931 | 1140 1148 | 1287 1289 | 1293 1294 | 1311 1311 | 1332 1332 | 1339 1341 | 1346 1349 | 1380 1397 | 1511 1514 | 1588 1589 | 3329 3329 | 4800 4802 | 5130 5131 | 5156 5159
55 59 | 286 286 | 299 299 | 720 722 | 1020 1020 | 2008 2009 | 2310 2311 | 3900 3900 | 4319 4319
106 119 | 782 788 | 824 824 | 875 875 | 1560 1563 | 1630 1630 | 1643 1643 | 3689 3689 | 4229 4229 | 5969 5969 | 6779 6779 | 7110 7116 | 7676 7679
76 89 | 238 239 | 325 329 | 923 924 | 1069 1070 | 1288 1289 | 1349 1349 | 1710 1710 | 2190 2190 | 2430 2430 | 3141 3143 | 3303 3304 | 3382 3383 | 3539 3539
539 539 | 1042 1045 | 1290 1290 | 1459 1469 | 2039 2039 | 2120 2129
585 590 | 1019 1019 | 1184 1188 | 1271 1272 | 2236 2236 | 2334 2336 | 2348 2348 | 2614 2619 | 2891 2894 | 3045 3050 | 3060 3063 | 3330 3332 | 3810 3810 | 3890 3904 | 4394 4395 | 5580 5584
802 807 | 810 811 | 867 869 | 2577 2579 | 3233 3234
2158 2159 | 2788 2789
180 180 | 3419 3419
461 467 | 2002 2009 | 2078 2078 | 5405 5405 | 6240 6243 | 6255 6255
90 92 | 245 253 | 270 270 | 375 378 | 746 749 | 990 999 | 1050 1053 | 1585 1587 | 1646 1649 | 2149 2150 | 2271 2275 | 2577 2577 | 2605 2609 | 3689 3689 | 4466 4466 | 4709 4709 | 4724 4724 | 4795 4795 | 4824 4829 | 5052 5058 | 5191 5191
1885 1889 | 3554 3557 | 6150 6152 | 6958 6959 | 8047 8052
111 120 | 960 960 | 2134 2146 | 2345 2345 | 2453 2459 | 2500 2500 | 2718 2718 | 2782 2782 | 2798 2798 | 3058 3059 | 3750 3750 | 3990 3994 | 4065 4066 | 6184 6186 | 6870 6879 | 8429 8429
56 59 | 178 179 | 358 359 | 809 809 | 1320 1322 | 4538 4543 | 4828 4829 | 4860 4862 | 5340 5344 | 5430 5433
357 359 | 2159 2159 | 4109 4109 | 4679 4679
269 269 | 4375 4379
39 42 | 329 329 | 4980 4980 | 5549 5549 | 5730 5730 | 6809 6809
40 43 | 510 510 | 575 577 | 612 614 | 1110 1110 | 1191 1191 | 1590 1590 | 1830 1830 | 2160 2163 | 2605 2609 | 3090 3090 | 3561 3562 | 3898 3899 | 4586 4589 | 4910 4915 | 4960 4965 | 5091 5091 | 5371 5372
3208 3209
112 119 | 843 848 | 920 920 | 927 929 | 1898 1898 | 2631 2635 | 2803 2807 | 3119 3119 | 3524 3528 | 3634 3638 | 4525 4529 | 4552 4559 | 4588 4589
630 636 | 717 719 | 856 856 | 1950 1950 | 1970 1979 | 2391 2392 | 5521 5521 | 5548 5549 | 6087 6089 | 6141 6149
2843 2849 | 4320 4320 | 4469 4469 | 5520 5521 | 8309 8309 | 8669 8669 | 9205 9209
