0 0 0 109
0 4 322 109
0 0 0 110
16 18 331 115
15 17 337 119
0 2 305 122
7 10 312 122
12 12 320 123
0 0 0 125
0 0 0 127
0 0 0 133
0 8 305 137
20 26 357 149
0 0 0 155
23 25 375 165
12 12 377 167
0 0 0 170
25 26 380 170
18 18 381 171
5 8 152 172
0 0 0 172
0 0 0 172
0 0 0 172
0 0 0 172
4 10 382 174 | 15 16 382 174
10 12 43 175
19 20 44 175
25 27 44 175
25 27 45 175
0 0 0 176
12 15 385 177
22 28 382 178
0 0 0 180
6 6 391 180
0 0 0 181
0 0 0 181
19 25 394 182
12 14 395 182 | 17 23 395 182
11 26 380 182
0 3 396 183
19 23 380 190
27 27 381 191
0 0 0 197
0 0 0 199
14 19 51 202
0 0 378 204
3 8 422 206 | 17 18 422 206 | 24 25 422 206
22 28 382 206
1 4 424 208
24 27 383 209
9 12 385 209
7 7 388 209
24 27 409 209
6 12 390 209 | 22 22 390 209
8 14 382 211
21 21 136 213
6 6 145 213
0 5 262 214 | 22 28 262 214
0 0 0 215
16 20 427 216
0 0 0 216
16 20 385 216
4 4 387 216
12 18 388 216
19 19 411 216
1 5 412 216
4 4 414 216
12 18 415 216
16 20 417 216
4 4 419 216
12 18 424 216
16 20 390 216
0 0 0 221
0 0 0 222
0 0 0 222
0 0 0 229
12 13 438 232
14 26 438 235
20 23 377 239
0 0 0 241
19 26 442 246
0 0 0 248
0 0 0 252
0 1 448 255 | 16 18 448 255
0 0 0 259
0 0 0 260
15 15 100 264
15 15 54 264
0 3 57 264
16 18 59 264
0 0 0 264
0 0 0 264
15 15 104 264
21 24 221 264
0 0 0 264
15 15 61 264
0 0 0 264
0 3 65 264
16 18 106 264
25 26 438 266
0 0 0 267
20 29 438 268
6 11 429 272
7 13 459 274
0 0 0 279
0 0 0 281
0 0 0 283
20 28 378 285
2 11 395 286 | 15 19 395 286
19 28 391 286
23 25 382 289
17 23 382 290
0 0 0 295
21 21 382 298
11 23 382 298
11 23 382 298
0 2 382 301
5 7 382 305 | 12 13 382 305
7 11 468 309
7 11 469 309
14 20 380 311
6 6 391 311
0 0 0 313
0 3 382 315
0 0 0 317
0 0 0 317
4 4 380 317 | 27 27 380 317
12 18 391 317
7 16 393 320
0 0 0 320
0 0 0 321
15 16 382 322
6 20 382 322
14 15 475 324
26 26 469 325
16 19 382 326
0 0 0 327
0 0 0 329
15 21 394 330
10 21 395 330
12 23 395 330
0 6 380 330
15 19 391 330
24 26 382 331
4 10 382 332
0 4 480 334
9 15 480 334
25 26 481 338
15 16 482 338
4 10 482 338
7 12 483 338
19 26 382 338
0 0 0 340
6 11 482 340
0 0 0 340
0 0 0 341
6 14 484 342
0 0 0 344
14 22 489 344
0 0 489 347 | 7 9 489 347
16 26 489 348
22 28 482 349
22 28 482 349
7 13 483 349
0 0 0 350
12 17 484 350
11 14 491 353
0 0 0 355
2 8 498 355
0 0 0 355
22 24 503 355
2 8 506 355
17 23 509 355
2 8 512 355
1 7 492 356
18 23 492 356
16 22 498 356
1 7 500 356
0 0 0 356
1 7 504 356
1 7 506 356
1 7 509 356
16 22 511 356
17 22 508 357
17 25 481 360
17 25 382 360
0 0 0 362
0 0 0 364
14 23 382 365
0 0 0 367
17 23 492 370
2 8 493 370
17 23 496 370
0 0 0 370
0 0 0 370
0 0 0 370
17 23 501 370
2 8 502 370
2 8 503 370
17 23 504 370
17 23 506 370
6 13 481 372
7 7 482 372
0 0 0 372
0 1 519 372 | 21 28 519 372
0 0 0 372
7 16 481 373
6 14 482 373
0 0 0 374
0 0 0 374
28 29 481 375
20 21 482 375
20 21 483 375
6 7 481 376
6 7 482 376
21 22 382 376
6 13 481 378
13 14 482 378
0 0 0 378
0 0 0 378
1 2 484 378 | 23 23 484 378
6 11 484 378
22 23 523 381
27 27 482 384
8 9 483 385
13 14 482 386
13 14 483 386
13 14 484 386
0 0 0 386
2 7 382 386
0 0 0 388
7 9 481 389
17 17 382 389
0 0 0 389
7 14 483 390
14 15 525 392
14 14 526 393
20 22 527 394
0 0 0 397
18 27 438 398
15 16 481 400
0 0 0 400
0 0 0 402
8 14 481 403
14 22 482 403
17 25 481 405
0 0 0 405
10 11 481 406
3 4 481 408
25 26 481 409
0 0 0 409
0 8 481 410
0 0 0 410
2 13 482 410
13 18 482 411
0 5 382 412
0 12 482 414 | 27 27 482 414
0 0 0 415
2 7 481 416
4 4 482 417 | 25 25 482 417
9 10 481 420
0 0 0 420
0 0 0 422
3 8 382 425
13 18 382 428
11 11 481 431
4 9 481 432 | 24 24 481 432
9 10 382 433
13 22 438 434
0 0 0 436
22 26 534 439
0 0 0 442
11 11 538 445 | 17 18 538 445
4 6 438 450
10 11 484 451
0 0 0 452
13 18 481 453
13 13 483 453
0 0 0 453
7 15 483 454
1 1 481 457 | 18 19 481 457
0 0 0 458
1 2 382 459
6 14 542 461
0 0 0 465
15 23 544 467
0 0 0 470
2 5 100 471
18 21 548 471
22 22 216 471
3 6 216 471
6 7 217 471
0 0 0 471
10 15 218 471
28 29 219 471
0 0 0 471
7 7 550 471
17 20 550 471
13 14 220 471
0 0 0 471
2 5 54 471
22 22 55 471
3 6 55 471
13 14 56 471
18 21 57 471
28 29 58 471
0 0 0 471
2 5 59 471
7 7 60 471
17 20 60 471
7 7 101 471
17 20 101 471
21 22 103 471
2 5 103 471
18 21 104 471
6 7 105 471
22 22 221 471
11 13 221 471
6 7 222 471
0 0 0 471
28 29 453 471
0 0 0 471
3 6 454 471
13 14 551 471
0 0 0 471
3 6 552 471
6 7 553 471
0 0 0 471
6 7 555 471
0 0 0 471
18 21 556 471
28 29 557 471
0 0 0 471
17 20 223 471
21 22 224 471
0 0 0 471
6 7 226 471
7 7 558 471
2 5 558 471
2 5 559 471
6 7 560 471
0 0 0 471
2 5 561 471
21 22 562 471
2 5 563 471
13 14 564 471
7 7 565 471
2 5 565 471
3 6 566 471
17 20 61 471
22 22 62 471
11 13 62 471
3 6 63 471
7 7 64 471
17 20 64 471
2 5 65 471
21 22 66 471
2 5 66 471
17 20 106 471
0 0 0 471
6 7 562 472
12 15 562 472
27 29 563 472
6 7 563 472
0 14 481 472
0 14 482 472
2 2 483 472
17 17 484 472
25 26 551 473
10 11 552 473
25 26 553 473
10 11 554 473
1 9 483 474
9 10 568 475
8 16 376 475
0 0 0 477
29 29 569 478
0 6 481 479
8 13 481 479
3 4 482 479
7 12 482 479
3 4 483 479
7 12 483 479
2 3 484 479
22 27 382 479
23 29 382 479
20 21 445 480
0 0 0 481
0 0 483 481 | 8 13 483 481
22 23 484 481
17 18 481 482
14 15 482 482
29 29 484 482
0 0 0 482
7 12 542 482
0 7 382 482 | 26 29 382 482
15 24 382 482
25 26 481 483
21 26 482 483
8 16 484 483
27 29 484 486
0 0 0 487
15 24 573 487
0 0 0 488
0 0 0 489
18 20 438 491
0 0 0 492
15 17 448 492
15 17 438 495
0 0 0 497
0 0 0 497
0 0 0 497
22 28 583 497
8 14 585 498
7 13 586 498
0 0 0 499
4 10 588 501
0 0 0 501
0 0 0 502
3 9 588 503 | 12 12 588 503
22 28 589 504
17 18 484 505
14 21 591 507
14 19 488 509
0 1 592 510
0 0 0 513
17 18 481 514
2 3 481 514
20 25 481 514
3 5 482 514
17 18 482 514
1 6 482 514
15 16 483 514
16 21 483 514
14 14 484 514 | 19 20 484 514
25 26 484 514
13 18 484 514
0 8 542 514
18 20 542 514
20 25 542 514
3 4 537 518
5 5 610 520
20 20 615 520
21 25 607 521
6 10 608 521
16 20 602 522
0 0 0 522
0 0 0 522
0 0 0 522
0 0 0 524
18 22 606 524
0 0 0 524
18 22 609 524
19 23 620 525
0 0 0 525
12 16 623 525
0 0 0 525
12 16 601 525
19 23 603 525
12 16 604 525
0 0 606 525 | 4 8 606 525
12 16 608 525
19 23 609 525
0 0 0 525
12 16 632 525
0 0 0 525
12 16 612 525
0 0 0 525
0 0 0 525
0 0 0 525
6 10 604 526
25 25 606 526
10 10 609 526
12 16 620 527
18 18 621 527
0 0 0 527
12 16 624 527
18 18 600 527
0 0 0 527
12 16 603 527
12 16 606 527
18 18 608 527
27 29 635 529
0 0 0 531
0 0 0 532
11 17 642 532
2 2 489 534
0 10 648 535
0 0 0 539
0 4 650 542
14 24 647 544
5 13 489 545
0 10 647 546 | 22 26 647 546
0 0 0 547
2 7 378 549
0 0 0 551
0 1 655 556
0 0 0 556
26 29 651 557
0 0 0 559
22 24 668 561
18 23 669 562
0 0 0 562
0 16 574 562
0 0 0 564
0 0 0 565
24 27 671 565
0 0 0 568
2 10 489 571
17 17 665 572
17 17 676 572
10 14 487 573
15 17 671 574
2 11 678 577
26 28 438 579
0 2 679 580
0 0 0 580
0 0 0 580
12 12 683 580
19 26 684 580
8 12 685 580
1 8 686 580
4 11 687 580 | 25 27 687 580
7 7 688 580
8 12 688 580
0 0 0 580
4 11 690 580 | 25 27 690 580
0 0 0 580
0 0 0 580
4 11 693 580 | 25 27 693 580
7 7 694 580
8 12 694 580
0 0 0 580
12 22 697 580
27 29 699 580
12 22 700 580
12 22 704 580
12 18 382 581
16 17 481 582
9 14 481 582
11 17 482 582
5 13 483 582
24 29 483 582
11 17 484 582
0 0 0 587
0 0 0 588
0 1 438 589 | 20 27 438 589
28 29 461 590
4 6 438 591
5 7 671 592
5 11 706 593
0 0 0 593
0 0 0 593
6 7 578 593
5 5 579 593
20 26 580 593
27 27 598 593
0 0 0 593
21 22 707 593
6 7 674 593
21 26 709 594
23 25 710 597
0 0 0 599
22 22 716 603
5 12 717 606
3 4 718 608
3 11 719 610
19 19 722 610
4 4 726 610
5 13 719 611
0 0 0 615
7 13 732 617 | 15 16 732 617
19 24 735 619
17 17 399 620
0 0 0 622
4 13 736 624
0 0 0 627
22 28 421 627
23 24 0 628
0 9 741 629
0 9 742 629
14 15 376 631
9 12 142 634
23 23 377 636
20 26 389 639
12 12 410 639
5 11 411 639
12 12 413 639
5 11 414 639
6 9 416 639
27 27 418 639
6 9 419 639
5 11 745 639
6 9 390 639
9 13 382 640
9 15 382 640
15 21 382 640
10 13 45 641
14 19 49 641
11 14 224 642
0 0 0 643
4 10 52 643
17 18 377 645
3 3 377 645
21 27 544 651
10 18 544 652
0 0 0 653
0 10 136 657
18 20 750 661
0 0 0 663
23 29 377 664
0 0 0 666
2 2 258 669
17 17 137 669
13 16 139 669
10 13 0 669
22 22 258 670
7 7 136 670
22 22 138 670
22 22 140 670
13 16 142 670
7 7 145 670
22 22 150 670
13 16 399 670
9 11 527 672
13 15 444 673
0 0 0 674
0 0 0 676
0 4 429 677
0 0 0 678
0 0 0 681
8 18 382 682
0 0 0 686
0 5 44 686
0 0 0 686
4 7 377 687
0 0 0 688
3 8 545 689
6 13 395 690
8 8 380 690
0 0 0 692
12 12 434 694 | 23 27 434 694
5 10 382 696
17 17 628 699
0 0 0 700
0 0 0 700
21 29 759 700
10 12 260 700
6 14 380 700
0 0 0 701
18 24 380 701
10 16 391 701
0 0 0 702
0 0 0 704
15 17 67 705
9 16 377 706
0 0 0 711
21 23 382 713 | 27 29 382 713
1 7 382 714
14 17 427 716
14 17 383 716
10 13 384 716
10 13 385 716
25 28 386 716
25 28 388 716
25 28 389 716
25 28 409 716
25 28 390 716
15 20 400 717
2 8 380 717
20 24 763 718
12 16 297 718
14 16 764 718
5 10 381 720
11 13 51 721
3 3 77 722
22 24 78 722
16 21 40 722
0 6 41 722 | 15 15 41 722
3 3 43 722
0 0 0 722
16 21 45 722
16 21 46 722
16 21 47 722
16 21 48 722
16 21 49 722
16 21 50 722
16 21 51 722
0 6 52 722 | 15 15 52 722
0 6 53 722 | 15 15 53 722
0 6 67 722 | 15 15 67 722
7 9 280 722
8 12 766 723
7 13 394 724
0 0 0 724
22 28 391 724
0 0 0 724
0 2 143 724
21 24 148 724
0 0 0 724
12 17 768 726
14 19 51 728
5 6 381 729 | 26 27 381 729
26 27 376 729
19 25 400 732
0 0 0 732
19 25 771 732
0 0 0 732
10 16 260 732
4 10 261 732
15 16 382 734
6 15 382 734
14 19 455 737
26 29 138 738
0 0 0 739
19 21 45 740
2 2 46 740
12 17 48 740
12 17 50 740
2 2 51 740
12 17 280 740
0 0 0 741
0 6 377 742
24 29 377 742
19 19 377 743
28 28 377 743
12 23 778 744
6 7 382 746 | 29 29 382 746
20 26 382 746
12 18 382 747
12 18 382 747
0 0 0 749
7 13 400 749
4 5 393 749
9 15 759 749
9 15 261 749
3 9 395 749
9 15 380 749
0 0 0 749
22 28 391 749
0 0 0 750
1 3 382 752
12 18 382 752
6 7 381 753
5 13 381 754
0 8 377 755
19 19 626 756
0 0 0 757
21 24 377 758
0 0 0 758
7 13 400 759
18 24 759 759
0 0 0 760
8 10 382 762
6 12 382 762 | 18 18 382 762
6 12 382 762 | 18 18 382 762
0 0 0 763
17 24 381 767
22 29 381 768
14 19 545 769
15 23 393 771
15 23 260 771
24 29 423 771
0 8 262 771
2 3 782 771
9 14 472 771
19 21 77 772
0 0 0 772
19 21 42 772
13 13 43 772
13 13 44 772
13 13 45 772
0 0 0 772
4 6 48 772
19 21 50 772
0 0 0 772
9 18 381 775
11 20 381 777
21 26 785 780
24 25 382 783
2 8 382 783
2 8 382 783
19 28 382 784
5 5 629 786 | 24 24 629 786
20 26 261 789
0 0 0 789
13 17 120 792
0 0 0 796
11 20 382 796
0 0 0 797
0 0 0 799
0 0 0 800
0 0 0 803
20 27 141 808
12 12 381 814
0 6 399 817 | 10 13 399 817
20 23 798 817
0 0 0 818
24 26 437 821
0 0 0 822
19 26 381 830
6 6 406 831
0 0 0 834
15 19 45 835
0 4 47 835
25 25 802 836
0 0 0 840
22 28 261 841
11 17 391 841
2 9 382 842
0 0 0 844
14 15 568 846
12 21 376 846 | 25 25 376 846
4 11 377 851
0 0 0 854
1 3 376 855
17 18 429 862
2 2 384 865
25 28 386 865
10 13 388 865
10 13 409 865
10 13 390 865
0 0 0 867
0 0 0 869
3 5 527 872
1 7 759 874
0 0 0 874
1 6 261 874 | 15 25 261 874
4 7 398 877
0 0 0 878
0 0 0 878
4 7 763 879
15 17 297 879
25 27 764 879
7 10 377 881
5 15 470 882
27 28 382 883
15 16 142 884
0 0 0 884
0 10 382 886
17 18 428 888
0 0 0 888
0 0 0 890
13 16 377 893
26 26 619 894
24 28 622 894
6 13 735 895
0 0 0 897
16 16 429 899
3 10 381 900
0 0 0 901
6 19 260 903
6 19 260 903
7 18 380 903
26 28 455 904
12 15 377 905
15 19 621 906
13 17 378 907
12 14 154 908
0 0 0 908
14 19 162 908
3 8 429 909
0 0 0 910
1 7 400 911
11 14 136 912
10 13 377 913
27 27 377 913
0 4 377 914
11 14 0 914
7 17 42 916
22 27 94 916
22 27 44 916
6 11 67 916
6 11 67 916
20 22 280 916
3 3 377 918
13 20 810 921
28 28 812 921
12 17 741 921
12 17 813 921
23 26 815 922
12 15 816 922
12 15 817 922
1 1 818 922
11 14 819 922 | 16 16 819 922
6 8 298 925
10 10 298 925
12 15 822 935
22 25 225 937
1 1 381 940
16 18 438 942
24 29 438 942
3 5 438 944
16 17 438 944
15 16 438 945 | 26 28 438 945
15 16 438 945 | 26 28 438 945
6 6 438 945
0 5 438 946 | 19 20 438 946
4 9 438 946
16 19 438 947
21 23 438 947
0 5 438 947 | 25 26 438 947
0 0 0 951
0 0 0 952
0 0 0 956
7 13 378 956
18 24 377 958
0 0 0 958
0 0 0 963
0 0 0 969
0 5 439 971
0 0 0 973
23 29 382 973
14 23 382 974
14 23 382 974
0 0 0 974
12 16 576 976
22 22 440 977
0 0 0 978
0 7 440 981
0 0 0 986
0 0 0 989
6 6 443 992
14 22 835 995
0 0 0 996
9 11 753 997
12 14 474 997
26 28 444 1001
8 13 753 1005
0 4 839 1006
14 19 841 1006
14 19 843 1006
0 0 0 1006
27 29 381 1009
0 0 0 1012
10 15 429 1013
0 0 0 1018
24 27 445 1020
20 24 398 1022
8 11 844 1025 | 18 20 844 1025
0 0 0 1027
0 0 0 1027
0 0 0 1027
14 14 858 1027
0 0 0 1027
18 18 863 1028
0 0 0 1028
0 9 839 1030 | 17 19 839 1030
0 8 841 1030
7 9 844 1030
0 0 0 1032
4 4 834 1034
12 16 624 1037
11 16 378 1041
21 24 377 1045
6 10 378 1050
18 23 868 1055
7 7 869 1058
13 16 445 1060
23 28 449 1065
0 0 0 1068
8 9 451 1071
22 23 451 1074
16 19 398 1078
0 3 545 1078 | 16 21 545 1078
0 9 830 1083
25 27 830 1083
17 23 378 1083
10 10 549 1084
10 10 550 1084
1 2 452 1084
22 28 453 1084
7 13 454 1084
7 13 551 1084
22 28 552 1084
7 13 558 1084
7 10 451 1087
24 28 398 1090
8 10 448 1092
3 10 578 1092
0 0 0 1094
26 28 381 1095
0 0 0 1095
14 16 879 1096
0 0 0 1097
0 0 0 1101
14 15 753 1101
15 17 838 1101
1 2 220 1102
13 16 54 1102 | 23 24 54 1102
5 9 54 1102
0 0 0 1102
0 0 0 1102
20 24 57 1102
16 17 58 1102
0 0 0 1102
20 24 61 1102
0 0 0 1102
16 17 64 1102
13 16 65 1102 | 23 24 65 1102
0 0 0 1102
18 23 438 1104
27 29 438 1105
0 0 0 1105
0 0 0 1105
3 8 438 1107
0 0 0 1109
10 12 438 1110
20 23 438 1112
13 18 438 1112
15 17 438 1116
0 0 0 1117
17 19 438 1119
15 17 438 1121
27 29 438 1122
6 7 438 1123
18 27 438 1124
25 27 438 1126
0 0 0 1128
4 5 438 1130
4 9 438 1130
4 4 876 1131
0 0 0 1132
0 0 0 1133
0 0 0 1135
26 27 457 1136
2 7 457 1137
9 9 457 1139
16 21 457 1141
7 7 457 1143
0 6 820 1146
8 12 527 1152
17 23 485 1153
14 22 488 1156
10 18 488 1157
0 0 0 1161
13 16 893 1161
0 0 0 1162
0 5 897 1162
0 0 0 1164
13 13 100 1166
20 26 100 1166
27 28 548 1166
5 11 548 1166
12 13 58 1166
20 26 58 1166
0 0 0 1166
10 13 59 1166
28 28 60 1166
5 11 60 1166
27 28 101 1166
9 12 101 1166
9 12 101 1166
25 28 102 1166
9 12 102 1166
12 13 103 1166
28 28 104 1166
15 19 104 1166
5 11 104 1166
10 13 105 1166
20 26 105 1166
10 13 221 1166
20 26 221 1166
15 19 222 1166
15 19 452 1166
5 11 452 1166
24 27 453 1166
28 28 454 1166
9 12 454 1166
13 13 551 1166
20 26 551 1166
27 28 552 1166
12 13 106 1166
20 26 106 1166
28 28 107 1166
15 19 107 1166
5 11 107 1166
0 0 0 1167
2 3 459 1169 | 16 16 459 1169
0 0 0 1170
0 0 0 1170
7 10 377 1171
7 10 377 1171
8 12 468 1174
24 25 520 1175
24 25 520 1175
24 25 521 1175
0 1 522 1175 | 10 10 522 1175
12 13 520 1177
9 10 521 1179
0 0 0 1180
0 0 0 1180
14 14 853 1181
0 0 0 1181
18 18 567 1184
11 13 376 1184
3 4 568 1186
11 20 376 1186
0 0 0 1186
6 11 438 1192
9 14 438 1194
9 11 482 1195
9 11 382 1195
7 10 445 1198
0 0 0 1202
16 20 771 1204 | 22 25 771 1204 | 29 29 771 1204
24 25 382 1204
7 13 378 1205
0 0 0 1207
0 0 0 1208
9 14 378 1211
0 0 0 1213
29 29 380 1217
0 0 0 1217
20 25 909 1222
0 0 382 1226 | 28 29 382 1226
20 26 395 1227
0 0 0 1227
1 5 380 1228
0 0 0 1229
16 22 382 1237
11 19 483 1238
9 15 482 1239
12 12 482 1240
0 0 0 1240
1 2 483 1241 | 7 7 483 1241
15 21 382 1242
19 19 394 1243
1 11 395 1243
16 26 391 1243
9 10 484 1244 | 29 29 484 1244
21 27 382 1244
21 27 382 1244
7 13 382 1245
0 8 382 1245
6 7 382 1246
6 15 382 1246
3 13 382 1246
0 0 0 1246
15 23 261 1248
0 0 0 1250
11 12 382 1251 | 26 27 382 1251
10 12 382 1252
17 23 382 1252
18 21 394 1253
2 14 380 1253
11 17 391 1253
17 19 382 1254
21 27 382 1254
6 12 382 1254
25 26 382 1255
21 27 382 1255
17 17 912 1257
1 7 260 1257
1 7 261 1257
0 0 0 1257
17 23 382 1259
19 25 382 1259
14 20 382 1260
5 5 466 1262
20 26 382 1264
20 26 382 1264
22 28 382 1264
5 11 382 1266
20 26 382 1266
18 19 382 1269
4 10 382 1269
4 15 382 1269
18 28 382 1270
0 0 0 1270
4 10 382 1273
5 11 382 1273
11 14 382 1274
2 8 382 1274
6 16 382 1274
6 16 382 1274
23 29 382 1276
12 17 382 1277
22 28 382 1277
7 13 382 1277
7 9 382 1278
19 25 382 1278
19 25 382 1278
6 7 382 1279 | 13 15 382 1279
4 10 382 1279
5 7 382 1280
11 21 382 1280
0 7 382 1281
19 25 382 1281
19 25 382 1281
0 0 0 1283
15 21 382 1283
17 23 382 1284
17 23 382 1284
16 17 382 1286
0 0 0 1286
21 22 382 1287
12 18 382 1287
19 20 382 1288
9 15 382 1288
28 29 568 1291
22 24 382 1292
9 9 568 1294
7 9 803 1294
14 15 567 1295
17 18 382 1296
6 7 382 1297 | 26 27 382 1297
12 14 382 1297
0 0 0 1300
25 27 917 1301
8 11 445 1303
5 11 382 1305
10 16 382 1306
0 0 0 1307
0 0 0 1309
8 13 438 1311
9 11 448 1315
0 0 0 1316
0 0 0 1320
0 0 0 1321
2 3 382 1326
0 0 0 1328
7 17 382 1329
6 8 382 1332
0 0 0 1333
0 0 0 1335
6 11 426 1336
0 0 0 1337
15 16 400 1343
0 0 0 1343
12 18 382 1345
0 0 0 1347
17 27 382 1348
14 19 382 1349
0 10 382 1350
2 3 382 1352
7 8 382 1353 | 29 29 382 1353
16 22 382 1354
12 22 382 1356
0 0 0 1358
14 16 382 1361
1 7 394 1362
18 22 395 1362
16 22 380 1362
16 22 391 1362
8 14 391 1362 | 22 26 391 1362
4 14 382 1363
22 24 382 1365
0 0 0 1369
0 0 0 1370
12 13 395 1370 | 23 23 395 1370
15 21 380 1370
0 0 0 1371
0 0 0 1373
10 20 382 1375
0 0 0 1377
21 27 395 1379
5 15 395 1379
3 7 380 1379
18 22 391 1379
12 14 382 1380
20 22 474 1381
1 3 475 1382
1 7 382 1384
6 7 382 1387
12 15 394 1388
0 0 0 1388
16 27 382 1389
16 17 382 1391
3 5 438 1394
4 5 382 1396
4 6 934 1398
13 19 940 1398
12 13 438 1401
0 0 0 1402
21 21 944 1404
21 21 946 1404 | 23 26 946 1404
0 0 0 1404
19 25 382 1406
7 13 394 1409
14 20 470 1410
0 4 382 1412
15 16 382 1417
3 9 394 1418
1 6 391 1418
0 0 0 1422
0 0 0 1424
0 0 0 1425
14 14 394 1426
13 28 395 1426
29 29 391 1426
0 5 382 1428
0 10 382 1431
2 8 382 1433
15 16 382 1436
0 0 0 1437
8 15 482 1439
19 24 484 1441
16 16 481 1443
16 16 400 1443
13 13 482 1444
13 13 484 1444
11 12 481 1445
5 13 481 1445
18 20 482 1445
21 28 482 1445
5 13 483 1445
3 5 483 1445
6 13 483 1445
18 26 483 1446
10 11 484 1447
8 16 481 1449
25 26 382 1452
19 24 481 1453
19 24 483 1453
0 5 481 1455
5 13 482 1455
20 28 484 1455
0 0 0 1456
4 4 483 1457 | 21 21 483 1457
20 25 483 1459
2 2 400 1460 | 20 25 400 1460
0 0 0 1461
6 6 484 1462
12 12 482 1463
9 17 483 1463
11 19 481 1465
0 0 0 1465
12 20 484 1467
20 26 481 1469
29 29 483 1471
0 0 0 1472
9 15 382 1472
0 0 0 1472
0 0 0 1474
0 0 0 1475
16 21 483 1476
17 18 382 1477
0 0 0 1478
21 26 483 1479
10 11 382 1480
18 19 482 1483
2 4 483 1484
2 4 484 1484
9 10 481 1486
0 0 0 1486
10 19 483 1486
10 19 483 1486
6 13 484 1486
23 29 382 1487
0 0 0 1491
0 0 0 1491
21 25 394 1494
21 25 395 1494
21 25 380 1494
21 25 391 1494
19 20 395 1495
0 0 0 1495
5 13 380 1495
27 29 391 1495
0 0 0 1497
20 20 381 1499
8 10 382 1499
20 29 382 1499
19 27 482 1501
15 15 484 1501
6 13 481 1502
7 15 482 1502 | 28 28 482 1502
6 6 484 1504 | 17 18 484 1504
4 6 382 1504
9 23 382 1504
0 0 0 1506
5 6 484 1506
3 3 481 1508
3 3 482 1508
17 18 483 1508
0 0 0 1509
20 27 482 1509
12 14 483 1509
0 0 0 1511
4 6 382 1517 | 9 19 382 1517
13 21 483 1518
25 26 482 1519
12 22 483 1519
13 13 482 1521 | 17 18 482 1521
5 10 483 1521
22 22 489 1522
21 29 489 1523
26 28 489 1525
9 11 489 1526
12 20 489 1527
7 17 489 1529 | 19 24 489 1529
14 24 489 1532
0 0 0 1533
9 11 958 1536
0 0 0 1536
0 0 0 1536
0 0 0 1536
8 13 482 1538
7 7 483 1539
0 0 483 1541 | 14 14 483 1541 | 20 20 483 1541
0 0 0 1543
14 19 491 1545
0 8 490 1546
11 18 514 1548
26 26 491 1549
11 11 515 1549
12 17 517 1549
14 17 505 1552
13 17 499 1553
13 17 505 1553
0 0 0 1553
21 28 514 1554
6 13 511 1554
6 13 517 1554
20 20 506 1556
10 16 512 1556
15 19 504 1557
15 19 508 1557
13 17 513 1557
11 17 510 1559
2 7 491 1560
21 27 382 1562
16 22 382 1564
20 25 482 1568
16 21 482 1569 | 25 26 482 1569
14 14 484 1569
0 0 0 1570
0 0 0 1570
0 0 0 1570
11 15 492 1571
11 15 497 1571
11 15 503 1571
11 15 506 1571
11 15 509 1571
14 17 510 1572
14 17 512 1572
7 10 508 1573
0 0 0 1574
10 16 497 1576
10 16 506 1576
0 0 0 1576
0 0 0 1577
0 0 0 1577
11 12 382 1579
21 27 382 1579
20 22 382 1579
10 16 514 1580 | 24 29 514 1580
10 16 517 1580 | 24 29 517 1580
0 0 0 1581
20 24 491 1582
5 9 506 1582
1 8 508 1582
5 9 511 1582
1 8 513 1582
0 0 0 1583
14 17 509 1583
3 6 496 1585
18 21 500 1585
18 21 504 1585
18 21 508 1585
13 15 0 1585
0 0 0 1586
9 15 509 1588
19 23 511 1590
12 15 495 1591
12 15 497 1591
8 11 498 1591
26 29 500 1591
12 15 502 1591
8 11 503 1591
16 16 482 1594
1 1 963 1594
0 0 0 1595
21 22 481 1596
6 7 483 1596
10 18 481 1599
16 22 483 1599
0 0 0 1600
0 0 0 1601
7 17 382 1605
15 19 505 1608
13 20 510 1608
11 14 518 1609 | 16 22 518 1609
18 18 140 1610
3 3 145 1610
0 0 0 1610
4 10 382 1612
0 0 0 1614
3 7 499 1616
18 22 503 1616
0 0 0 1616
3 7 510 1616
18 22 513 1616
13 21 382 1617
20 27 483 1618
15 23 483 1619
19 24 481 1622
5 10 482 1622
19 24 484 1622
0 0 0 1624
0 0 0 1624
9 14 482 1625
13 18 382 1625
18 26 483 1628
14 15 382 1631
14 19 482 1632
0 0 0 1633
8 13 482 1635
0 0 0 1636
0 0 0 1636
9 10 382 1637
21 21 481 1641
0 0 0 1641
10 11 521 1643
18 27 521 1644
0 0 436 1645 | 18 18 436 1645
20 28 482 1647
16 21 481 1649
0 0 0 1650
20 23 548 1652
24 27 58 1652
23 27 59 1652
0 0 0 1652
9 12 60 1652
8 12 101 1652
0 0 0 1652
24 27 102 1652
0 0 0 1652
20 23 104 1652
20 23 105 1652
5 8 221 1652
0 0 0 1652
0 0 0 1652
8 12 454 1652
9 12 551 1652
0 0 0 1652
0 0 0 1652
0 0 0 1652
23 27 106 1652
25 28 106 1652
5 8 107 1652
0 0 0 1653
28 29 481 1654
7 15 481 1657
0 0 0 1657
7 15 483 1657
0 0 0 1657
24 24 482 1659
0 0 0 1660
6 11 438 1662
0 0 0 1663
27 28 971 1663
27 28 973 1663
27 28 827 1663
27 28 976 1663
17 17 978 1663
9 15 979 1663
27 28 981 1663
12 13 982 1663
8 13 483 1664
10 12 481 1666
10 12 482 1666
25 27 483 1666
16 21 481 1667
0 0 0 1667
8 17 882 1668
23 23 884 1668
19 21 438 1671
16 24 484 1672
15 20 481 1673
15 20 482 1673
15 20 483 1673
16 20 468 1674
0 0 0 1675
15 21 523 1677
0 0 0 1680
0 0 0 1681
0 0 0 1682
8 9 484 1683
20 27 542 1683
19 23 484 1685
19 27 567 1686
4 12 568 1686
3 4 376 1686
16 24 376 1686
21 29 481 1687
0 0 0 1687
9 10 484 1687
18 23 382 1688
13 14 481 1691
8 9 482 1691
19 24 484 1693
21 29 481 1697
0 0 0 1699
5 5 482 1700
0 0 0 1701
0 1 481 1703 | 21 22 481 1703
24 29 483 1703
0 0 0 1704
18 18 482 1706
29 29 483 1707
3 3 482 1709
0 0 0 1710
0 0 0 1711
0 7 483 1712
19 25 482 1713
9 23 382 1713
23 23 481 1717
5 11 382 1718
0 0 0 1721
9 11 476 1724
0 0 0 1726
7 12 481 1727
0 6 483 1727
22 22 481 1730
0 0 0 1731
0 0 0 1734
0 0 0 1735
6 10 526 1737
24 28 985 1739
24 28 986 1739
0 0 0 1740
0 0 0 1742
14 19 438 1747
17 25 483 1748
5 10 438 1749
2 3 438 1752
20 23 987 1755
5 8 487 1755
15 20 540 1756
20 28 488 1758
1 6 483 1760
0 0 0 1763
0 0 0 1764
18 19 382 1767
0 0 0 1768
0 2 483 1769
6 12 0 1770
16 24 481 1773
3 9 481 1774
5 10 481 1777
13 18 484 1778
16 21 483 1780
0 4 481 1782
5 13 482 1782
0 0 0 1782
0 2 382 1784 | 9 12 382 1784
22 27 483 1786
7 13 382 1788
19 24 482 1790
9 14 482 1791
8 16 482 1792
13 13 482 1793
0 0 0 1793
11 11 483 1795 | 29 29 483 1795
17 22 482 1798
29 29 483 1799
0 0 0 1801
18 19 481 1802
13 21 482 1802
27 28 484 1802
12 13 382 1802
19 25 382 1802
10 15 483 1803
15 20 483 1804
3 11 481 1805
3 11 482 1805
8 16 482 1806
5 13 481 1807
5 13 382 1807
3 4 482 1808
21 28 382 1810
21 29 482 1811
3 9 382 1811
8 9 481 1812
16 21 482 1813
0 6 382 1813
10 10 481 1814
4 9 483 1814
17 24 482 1815
1 2 483 1815
16 23 382 1815
2 9 382 1815
9 17 481 1816
24 29 483 1816
1 7 382 1816
22 23 482 1818
12 20 482 1819 | 25 26 482 1819
6 13 382 1819
0 0 0 1820
7 8 482 1821
12 13 481 1822
10 15 482 1822
22 29 481 1823
22 29 482 1823
0 0 0 1824
9 10 482 1824
25 27 382 1825
6 14 481 1826
27 27 482 1827
0 0 382 1828 | 20 26 382 1828
14 15 483 1829
25 27 382 1830
4 5 482 1831
10 15 482 1832
0 0 0 1832
23 28 482 1833
25 29 481 1835
25 26 483 1835
22 28 481 1836
7 13 482 1836
3 8 482 1840
22 23 481 1841
22 23 482 1841
0 2 482 1843 | 12 20 482 1843
11 16 481 1845
19 27 483 1846
3 11 482 1847
0 0 0 1849
8 8 482 1850
8 13 482 1851
0 0 0 1854
0 0 0 1856
4 9 482 1857
10 15 481 1859 | 29 29 481 1859
8 15 481 1860
19 25 382 1860
13 23 481 1865
21 27 481 1866
6 12 483 1866
0 0 0 1867
17 22 481 1870
4 11 481 1871
0 0 0 1872
9 15 382 1873
0 0 0 1878
0 0 0 1879
0 0 0 1880
15 22 481 1882
0 0 0 1883
3 9 382 1884
0 0 0 1886
3 9 382 1888
15 21 482 1891
11 16 481 1892
17 17 481 1894 | 22 27 481 1894
17 17 481 1896
11 16 382 1898
15 20 481 1902
0 3 481 1905 | 29 29 481 1905
0 0 0 1909
0 0 0 1917
1 2 534 1920 | 25 29 534 1920
10 13 398 1923
8 11 549 1924
8 11 222 1924
23 26 453 1924
23 26 551 1924
8 11 553 1924
3 6 558 1924
23 26 560 1924
8 11 562 1924
3 6 565 1924
0 0 0 1924
8 13 484 1924
7 13 486 1924 | 27 27 486 1924
7 13 595 1924 | 27 27 595 1924
19 24 481 1928
4 9 483 1928
0 0 0 1929
4 9 484 1931
0 0 0 1932
0 0 0 1933
1 2 484 1936
21 22 537 1937
0 0 0 1941
19 24 537 1944
9 13 488 1946
8 13 892 1948
0 0 0 1948
0 0 0 1949
11 20 488 1951
21 21 488 1955
8 10 996 1957
23 25 998 1957
0 0 0 1957
11 11 1000 1958
0 0 0 1960
0 0 0 1961
0 4 445 1966
0 0 0 1970
18 26 484 1972
21 26 484 1973
21 21 484 1975
17 22 481 1976
19 19 483 1976
19 21 382 1978
9 9 483 1979
6 14 484 1979
24 25 483 1981
0 0 0 1981
11 16 484 1982
16 21 542 1983
14 14 482 1984
29 29 484 1984
0 0 0 1985
10 17 483 1985
13 13 484 1987 | 16 16 484 1987
15 22 482 1988
9 9 484 1988
11 19 542 1988
0 0 0 1989
0 0 0 1989
0 3 482 1991 | 14 19 482 1991
23 29 382 1993
0 0 0 1996
10 10 484 1997
25 26 483 1998
5 10 484 1998
0 0 0 1999
0 1 483 2003
3 4 481 2005
3 11 483 2005
0 0 0 2007
8 13 542 2007
3 3 482 2008
9 14 484 2008
3 3 382 2008 | 24 26 382 2008
23 28 481 2010
8 13 483 2010
24 25 382 2011
0 0 0 2013
20 26 484 2013
14 20 382 2013
14 20 382 2013
27 28 482 2016
14 14 482 2017
14 14 484 2017
4 5 482 2018
6 7 482 2021
13 19 382 2023
7 13 382 2025
1 3 382 2029
4 12 483 2030
27 27 482 2031
12 12 484 2031
23 28 542 2032
7 15 482 2035
22 27 484 2038
6 6 482 2039
3 3 483 2040
25 26 382 2041
22 22 481 2043
22 22 483 2043
21 27 482 2044
0 0 0 2046
11 16 382 2046 | 29 29 382 2046
4 4 482 2048
0 0 0 2048
26 26 483 2049
7 7 1004 2050
18 26 482 2051
18 26 484 2051
0 0 0 2052
18 20 438 2055
7 7 481 2056
7 7 483 2056
0 0 0 2066
2 6 546 2072
18 27 376 2083
20 26 1012 2085
23 26 217 2086
8 11 219 2086
8 11 549 2086
8 11 103 2086
8 11 105 2086
23 26 222 2086
23 26 454 2086
8 11 552 2086
8 11 224 2086
23 26 226 2086
23 26 558 2086
8 11 560 2086
8 11 561 2086
8 11 563 2086
8 11 106 2086
8 11 107 2086
10 19 483 2089
5 15 381 2091
20 28 568 2091
0 0 0 2091
18 24 382 2091
6 12 485 2092
21 27 993 2092
6 7 481 2093
16 16 483 2094
4 5 482 2095
4 9 483 2095
0 0 0 2095
12 18 382 2095
19 24 484 2096
4 5 481 2099 | 20 20 481 2099
4 5 483 2099 | 20 20 483 2099
0 0 0 2104
16 21 483 2106
1 9 484 2106
3 8 542 2108
10 18 481 2110
18 25 483 2110
29 29 542 2110
0 0 0 2113
4 9 382 2113 | 24 24 382 2113
18 23 484 2114
0 0 0 2115
21 26 484 2116
22 22 482 2117
7 7 382 2117
10 10 892 2118
17 23 382 2120
4 7 1014 2122
19 22 943 2122
19 22 946 2122
5 8 1014 2124
0 0 0 2124
0 0 0 2125
21 27 460 2127
21 21 993 2127
0 5 438 2132 | 19 19 438 2132
0 0 0 2134
28 28 484 2136
10 14 537 2137
0 0 0 2138
2 8 382 2140
0 0 0 2143
16 24 483 2145
11 11 542 2146
25 25 459 2147
22 28 583 2147
16 17 484 2149
20 22 668 2154
0 0 0 2154
21 25 1018 2155
6 10 1019 2155
0 0 0 2159
21 29 486 2162
13 18 651 2165
22 24 1028 2167
17 17 1030 2167
10 27 574 2169
0 0 0 2170
0 0 0 2174
10 13 540 2177
21 23 1032 2179
7 14 1032 2179
26 29 848 2181
0 9 438 2183
16 25 438 2185
19 20 438 2187
25 27 438 2188
11 19 576 2190 | 21 23 576 2190
6 13 448 2190
20 26 460 2191
0 7 1034 2193
9 13 438 2195
3 5 438 2197
0 0 0 2198
3 9 1037 2202
27 27 100 2205
27 27 58 2205
0 0 0 2205
0 0 0 2205
0 0 0 2205
27 27 103 2205
0 0 0 2205
12 12 221 2205
27 27 454 2205
27 27 552 2205
27 27 555 2205
27 27 557 2205
0 0 0 2205
0 0 0 2207
0 0 0 2210
0 0 0 2211
10 18 485 2211
26 27 993 2211
14 14 0 2211
5 9 398 2214
0 0 0 2216
9 14 1043 2219
0 0 0 2222
22 22 531 2225
24 28 588 2228
9 9 590 2228
3 3 589 2231
8 8 1032 2233
11 18 381 2235
22 22 537 2238
19 21 715 2238
23 28 438 2239
1 4 438 2242
1 4 438 2242
19 25 583 2244
0 0 0 2246
4 14 382 2247
1 6 537 2249 | 11 14 537 2249 | 20 25 537 2249
11 15 537 2251
0 0 0 2253
9 12 216 2257
24 27 217 2257
23 29 218 2257
23 29 219 2257
8 14 549 2257
23 29 550 2257
23 29 220 2257
9 12 54 2257
9 12 55 2257
8 14 56 2257
8 14 57 2257
9 12 58 2257
8 8 59 2257
0 0 0 2257
9 12 60 2257
24 27 101 2257
8 14 223 2257
8 14 224 2257
23 29 225 2257
8 8 226 2257
8 8 558 2257
8 8 559 2257
23 23 560 2257
23 23 561 2257
9 12 562 2257
24 27 563 2257
23 29 564 2257
8 14 565 2257
9 12 566 2257
9 12 1059 2257
24 27 61 2257
8 8 62 2257
13 16 63 2257
9 12 64 2257
8 14 65 2257
8 14 66 2257
7 9 438 2259
10 12 438 2263
9 14 438 2264
0 0 0 2265
23 26 1062 2266
15 22 1065 2268
15 22 1067 2268
7 7 1069 2268
0 0 0 2268
13 16 438 2269
16 23 537 2270
16 23 538 2270
23 29 1072 2277
0 0 0 2278
0 0 0 2278
24 25 460 2281
19 28 485 2281
4 13 486 2281
7 13 993 2281
0 0 0 2281
12 19 584 2282
18 19 1076 2290
2 2 1004 2292
4 5 1079 2294
20 20 1076 2295
13 14 1081 2298
13 14 1083 2298
1 3 1086 2298
13 14 1089 2298
1 3 1090 2298
0 0 0 2300
7 10 445 2305 | 15 15 445 2305
27 29 576 2306
10 17 448 2306 | 19 21 448 2306
10 17 580 2306 | 19 21 580 2306
16 18 576 2307
25 27 580 2307
16 18 598 2307
9 16 577 2308
0 0 0 2308
13 13 622 2309
22 26 624 2309
28 28 601 2309
22 26 603 2309
25 29 601 2310
0 0 0 2310
25 29 606 2310
0 0 0 2310
17 17 612 2310 | 20 20 612 2310
0 0 0 2310
0 0 0 2310
21 25 621 2313
21 25 602 2313
0 0 0 2313
6 10 609 2313
9 14 614 2314
3 3 606 2315
3 10 605 2317
3 10 607 2317
0 0 0 2317
0 0 0 2317
10 14 608 2318
0 11 617 2318
0 0 0 2319
0 0 0 2319
0 0 0 2319
22 27 600 2319
0 0 0 2319
0 0 0 2319
0 0 0 2319
0 0 0 2319
14 15 632 2319
0 0 0 2319
0 0 0 2319
0 0 0 2319
14 18 606 2322
24 24 621 2323
24 24 623 2323
9 9 625 2323
13 17 601 2323
13 17 603 2323
13 17 605 2323
13 17 607 2323
25 25 620 2324
25 25 623 2324
19 23 625 2324
4 8 601 2324
0 0 0 2324
4 8 605 2324
19 23 607 2324
0 0 0 2324
13 14 628 2324
0 0 0 2324
0 0 0 2324
13 14 611 2324
0 0 0 2324
0 0 0 2324
0 0 0 2324
13 14 618 2324
19 23 603 2327
0 0 0 2329
23 27 603 2330
2 6 605 2330 | 27 27 605 2330
8 12 606 2330
12 12 608 2330
8 12 609 2330
2 6 613 2330 | 27 27 613 2330
12 16 616 2330
17 17 608 2331
8 12 632 2331
0 0 0 2331
15 15 590 2333
8 16 583 2334
1 5 600 2335
6 6 604 2335
6 6 606 2335
0 0 610 2335 | 4 6 610 2335
15 15 612 2335 | 19 21 612 2335
1 5 613 2335
1 5 615 2335
1 5 617 2335
5 5 634 2336 | 8 8 634 2336
14 18 623 2336
20 20 601 2336 | 23 23 601 2336
14 18 607 2336
10 14 1096 2337
25 29 621 2337
10 14 625 2337
25 29 604 2337
0 0 0 2337
0 0 0 2339
13 13 583 2339
12 15 943 2341
0 0 0 2342
0 0 0 2342
2 5 1104 2343
2 5 1106 2343
16 16 944 2344
0 0 0 2345
1 2 438 2347
20 27 835 2351
5 12 649 2351
25 25 583 2352
18 20 635 2354
16 19 635 2357
2 3 995 2359
0 0 0 2361
21 27 646 2365
5 13 733 2371 | 15 15 733 2371
18 26 576 2372
5 7 578 2372 | 27 29 578 2372
12 14 580 2372
0 0 0 2373
15 17 1058 2374
6 12 595 2376
6 12 583 2376
18 18 928 2377
8 14 583 2379
0 0 0 2380
3 3 556 2383
0 0 0 2383
0 0 0 2383
7 11 570 2385
22 25 1058 2386
24 24 1022 2387
16 22 1024 2387
0 0 0 2387
9 9 458 2387
16 22 460 2387
24 24 993 2387
24 24 1017 2387
24 24 584 2387
17 19 1118 2389
0 0 0 2390
0 0 0 2390
0 0 0 2390
0 0 0 2390
14 16 1119 2393
21 23 537 2395
0 2 647 2395 | 6 7 647 2395 | 16 17 647 2395
13 22 486 2396
0 0 0 2396
29 29 1017 2398
14 14 584 2398
22 22 459 2399
11 20 460 2399
0 0 0 2400
20 20 651 2403
16 22 1126 2404
24 24 436 2405
0 0 0 2406
0 0 0 2410
21 22 537 2411
0 0 0 2411
25 25 1128 2411
26 26 882 2412
0 0 0 2414
21 27 1024 2418
5 5 837 2418
6 12 1116 2418
10 11 458 2418
5 5 460 2418
21 27 485 2418
21 29 595 2419
14 19 1130 2422
2 2 647 2423 | 26 27 647 2423
12 14 1131 2424
20 25 537 2425
7 16 995 2425
10 15 570 2426
19 20 0 2429
9 10 438 2431 | 22 23 438 2431
6 8 438 2434
23 28 438 2436
0 1 438 2439 | 10 12 438 2439
6 12 1113 2441
0 0 0 2442
15 16 555 2443
8 11 556 2443
28 28 1057 2443
14 15 993 2445
28 28 583 2445
23 24 463 2446
3 3 463 2448
11 22 1134 2448
11 11 672 2450
17 23 537 2493
1 1 537 2495
10 15 537 2496
0 3 459 2499 | 10 10 459 2499
14 20 485 2499
12 18 595 2499 | 25 25 595 2499
14 20 583 2499
14 20 1113 2499
19 26 438 2501
0 0 0 2505
0 0 0 2510
0 0 0 2511
4 10 587 2513
13 14 715 2514
0 0 0 2514
0 0 0 2516
0 0 0 2516
13 13 445 2518
17 20 1031 2522
13 14 537 2524
11 14 715 2524
17 21 1072 2525
22 27 438 2528
20 25 1159 2529
0 1 987 2535 | 21 24 987 2535
0 1 487 2535 | 21 24 487 2535
0 0 0 2536
18 24 587 2538
9 11 635 2539
0 0 0 2542
0 3 1164 2543 | 10 10 1164 2543
0 0 0 2544
0 0 0 2549
0 4 668 2553
6 11 438 2563
13 15 438 2567
19 20 488 2568
26 27 382 2569
17 18 1170 2570
15 15 456 2571
0 0 0 2574
5 7 438 2576 | 24 24 438 2576
5 14 671 2579
10 19 671 2580
25 26 1057 2585
25 26 1058 2585
12 14 1112 2585
0 0 0 2585
12 14 438 2587
5 13 489 2588
8 16 489 2594
23 26 1173 2595
22 25 1175 2595
22 25 1129 2595
4 13 1176 2598
0 0 0 2599
0 5 489 2600 | 16 27 489 2600
0 0 0 2600
13 24 438 2603
7 15 438 2606 | 21 22 438 2606
12 13 715 2609
16 16 482 2609
22 29 438 2609
8 8 0 2609
27 28 489 2611
0 0 0 2614
24 26 1183 2619
13 15 651 2620
0 0 0 2622
17 22 651 2623
8 9 587 2626
29 29 1185 2627
0 0 0 2628
2 4 804 2629
5 6 521 2630
0 0 0 2632
0 0 0 2633
0 0 0 2634
0 9 483 2634
0 0 0 2636
22 24 1148 2678
8 15 671 2680
15 20 997 2685
5 7 438 2686
9 9 804 2689
21 25 577 2691
6 10 578 2691
23 23 581 2691 | 26 28 581 2691
8 8 599 2691 | 11 13 599 2691
6 10 674 2691
24 26 438 2698
16 18 438 2698
0 0 0 2698
5 5 537 2700
3 11 1001 2700
0 0 0 2702
19 19 438 2704
17 21 578 2705
2 6 598 2705
0 0 0 2705
17 19 714 2706
0 0 0 2709
0 0 0 2711
13 15 651 2712
13 19 216 2713
7 7 218 2713
0 0 0 2713
13 19 550 2713
0 0 0 2713
21 24 225 2713
22 22 558 2713
0 0 0 2713
6 9 560 2713
22 22 562 2713
0 0 0 2713
6 9 565 2713
22 22 1059 2713
0 0 0 2713
6 9 1198 2713
7 7 1209 2713
23 23 1212 2715
0 0 0 2715
0 0 0 2716
0 0 0 2717
6 8 715 2717
20 21 1060 2717
18 20 651 2718
11 13 576 2719
11 13 578 2719
26 28 599 2719
11 18 491 2721
11 18 515 2721
6 10 512 2721
11 18 517 2721
0 0 0 2724
0 0 0 2724
2 3 1219 2726
4 4 1220 2727
8 9 520 2733
24 25 522 2733
15 21 445 2734
20 20 677 2736
5 6 445 2737
0 0 0 2738
13 17 1223 2741
23 27 1223 2744
20 25 1224 2748
2 3 1225 2748
12 14 438 2749
20 21 647 2752
2 4 1228 2753 | 15 15 1228 2753
0 0 0 2756
4 4 705 2757
19 22 1217 2759
15 17 576 2763
0 0 0 2763
9 10 1232 2764
0 0 0 2765
7 7 1236 2765
0 7 0 2765
0 0 0 2765
1 1 1244 2766
9 18 1163 2770
9 15 1248 2772
21 21 443 2775
8 8 1249 2777
8 9 719 2777
8 10 1119 2778
27 27 719 2781
0 0 0 2782
0 0 0 2782
0 0 0 2782
10 10 1249 2783
8 19 719 2783
10 10 725 2783
8 19 1251 2783
27 29 577 2784
27 29 578 2784
0 0 0 2784
13 16 1178 2785
0 0 0 2786
0 0 0 2787
26 28 438 2788
14 19 438 2788
11 13 438 2788
0 0 0 2789
20 28 1158 2792
11 12 1117 2793
20 20 1165 2794
20 25 1258 2798
18 18 1261 2800 | 29 29 1261 2800
0 1 1265 2801 | 12 20 1265 2801
0 8 488 2801
9 9 830 2801
0 0 0 2801
10 13 1178 2802
2 5 445 2806
0 6 1267 2807
8 9 732 2809
1 7 732 2810
13 13 1271 2812
28 28 1273 2812
13 13 1276 2812
3 8 1277 2812
13 13 1278 2812
28 28 1280 2812
0 0 0 2813
0 0 0 2816
28 28 339 2821
19 23 306 2823
13 19 1286 2824
0 0 0 2826
19 19 339 2834
0 0 0 2834
0 0 0 2835
0 0 0 2839
0 4 305 2844
0 0 0 2849
0 0 0 2863
0 0 0 2865
11 11 339 2868
0 0 0 2871
23 25 330 2872
0 0 0 2881
0 3 339 2890 | 10 12 339 2890
14 15 305 2893
0 0 0 2900
8 10 339 2902
0 0 0 2903
0 0 0 2905
0 0 0 2908
0 0 0 2910
0 1 0 2913
0 0 0 2915
2 3 320 2923
0 0 0 2927
0 0 0 2930
1 1 320 2930
0 0 0 2934
9 10 305 2938
0 0 0 2938
16 18 1286 2939
26 29 339 2944
2 5 1287 2946
0 0 0 2948
0 0 0 2955
3 4 0 2959
0 0 0 2964
3 5 455 2965
0 0 0 2966
26 27 382 2966
21 21 1288 2968
8 12 1093 2970
4 4 1095 2970 | 12 12 1095 2970
19 19 807 2970 | 27 27 807 2970
4 4 620 2970 | 12 12 620 2970
23 27 621 2970
0 0 455 2975 | 27 28 455 2975
9 9 477 2978
8 10 474 2978
0 4 396 2981
22 25 414 2983
22 25 416 2983
0 0 0 2984
0 0 0 2985
20 26 395 2985
13 14 391 2985 | 20 20 391 2985
10 10 807 2986
11 15 394 2987
21 27 395 2987
0 5 395 2987
19 21 380 2987
6 12 380 2987
3 5 391 2987
22 24 634 2991
7 9 624 2991
12 13 628 2991
12 13 632 2991
5 17 783 2993
3 6 398 2994 | 21 22 398 2994
27 29 763 2995
0 2 381 2997
12 12 380 2999
7 7 261 3001
15 19 1095 3004
14 20 395 3006
29 29 380 3006
14 19 391 3006
2 8 382 3007
7 10 1295 3009
18 26 382 3012
21 21 455 3015
6 11 455 3016
22 24 0 3017
5 6 455 3019
22 22 381 3021
15 19 477 3022
18 18 398 3023
17 19 476 3027
14 20 382 3030
0 0 0 3032
8 9 1095 3032
0 0 0 3032
4 5 619 3032
2 2 622 3035 | 27 27 622 3035
0 0 0 3035
0 0 0 3039
0 5 455 3039 | 7 11 455 3039 | 20 21 455 3039
17 23 380 3041
4 10 382 3042
29 29 620 3044
0 0 0 3044
0 0 0 3046
21 27 1303 3051
18 19 261 3051
18 19 394 3051
6 18 394 3051
6 17 380 3051
6 17 391 3051
7 10 836 3052
2 7 429 3054
19 25 389 3056
15 18 410 3056
11 12 412 3056
19 25 413 3056
26 27 415 3056
4 10 416 3056
15 18 417 3056
11 12 419 3056
19 25 424 3056
15 18 745 3056
18 19 736 3057
18 19 470 3057
0 1 382 3059 | 26 27 382 3059
17 20 1305 3064
23 29 382 3065
0 0 0 3067
17 20 415 3067
10 11 382 3068
1 1 783 3069
20 25 1306 3073
26 28 627 3075
0 0 0 3075
23 25 382 3077
26 27 911 3079
11 12 394 3079
14 15 395 3079
5 11 380 3079
5 11 380 3079
14 15 391 3079
20 25 449 3082
21 23 438 3085
14 16 438 3088
0 0 461 3089 | 22 23 461 3089
0 0 0 3092
0 0 0 3092
0 0 0 3093
0 0 0 3094
8 14 440 3096
0 0 0 3096
6 6 834 3096 | 13 14 834 3096 | 17 20 834 3096
0 0 0 3097
14 15 438 3103
15 16 39 3104
23 24 382 3107
9 11 382 3108
0 0 0 3109
3 9 382 3110
4 10 382 3111
0 0 0 3112
0 0 0 3112
17 18 382 3112
14 16 382 3113
18 24 382 3115
9 16 507 3116
20 22 1310 3117
3 8 1312 3117
0 0 0 3119
18 23 481 3122 | 25 29 481 3122
3 8 482 3122 | 10 15 482 3122
0 4 483 3122 | 13 21 483 3122
0 0 0 3125
14 14 382 3127
13 23 382 3127
12 15 635 3132
0 0 0 3137
0 0 0 3140
0 0 0 3142
0 5 1317 3143
0 0 0 3143
0 0 0 3143
0 0 0 3143
0 0 0 3143
0 0 0 3143
0 0 0 3143
0 0 0 3143
4 7 1242 3143
19 22 1320 3143
0 0 0 3143
0 0 0 3143
22 25 1324 3144
26 29 1126 3144
0 0 0 3147
0 0 0 3149
0 0 0 3149
15 15 651 3153
0 4 1330 3157
